13.1538 45.865
21.8959 67.8865
93.4693 51.9416
3.45721 52.97
0.769819 6.68422
68.6773 93.0436
52.6929 65.3919
70.1191 76.2198
4.74645 32.8234
75.641 36.5339
98.255 75.3356
7.26859 88.4707
43.6411 47.7732
27.4907 16.6507
89.7656 6.05643
50.4523 31.9033
49.3977 9.07329
7.37491 38.4142
91.3817 46.4446
5.0084 77.0205
12.5365 68.8455
62.9543 72.5412
88.8572 30.6322
51.3274 84.5982
84.1511 41.5395
46.7917 17.8328
57.1655 3.30538
49.848 74.8293
89.0737 84.204
21.2752 13.0427
27.4588 41.4293
70.982 23.9911
31.754 65.2059
68.1346 38.7725
14.7533 84.5576
95.5409 14.8152
40.8767 56.4899
48.8515 96.1095
19.9757 62.9269
65.1254 80.3073
47.6432 20.325
90.1673 14.2021
41.0313 88.5648
16.2199 36.5339
13.5109 45.5307
45.23 93.1674
21.5248 90.8922
86.086 50.5956
81.7561 46.2245
63.2739 82.4697
70.2207 95.4415
28.9316 51.4435
41.4028 87.6566
72.9748 71.5642
70.6535 1.90924
52.4987 6.51939
48.8943 68.2049
91.6634 89.0019
13.9195 98.9362
44.6023 51.4659
43.9726 80.665
21.1519 15.3604
61.635 0.0878999
72.7335 41.7724
68.0562 83.642
82.8708 8.17376
62.9572 21.3547
38.8823 94.7545
26.9215 28.4035
78.3865 28.2156
1.13162 98.3236
81.9726 39.8144
17.688 15.7731
25.7169 10.1637
63.4717 79.477
75.294 63.343
59.8217 31.8778
11.7437 52.6123
58.7989 70.2989
16.1688 86.0226
55.6836 31.6007
52.8548 58.8119
43.0848 37.0226
44.6866 38.7831
7.82632 25.3922
67.6237 72.8608
94.4753 94.0163
46.0434 66.1355
60.564 15.0394
34.3818 52.2808
1.49506 64.2979
91.7848 97.0087
84.3975 45.5752
2.20837 70.695
43.6638 75.171
69.5679 75.3863
0.425392 7.99169
90.3301 74.6679
0.634169 51.8478
54.4023 21.5826
62.6861 70.932
28.0289 37.191
31.0169 10.3797
77.588 5.52788
16.0274 29.7022
47.7804 51.9988
15.0312 83.3682
57.7776 33.1175
98.6883 0.165742
2.93555 48.9652
73.8959 53.6267
12.2507 18.8276
61.4126 12.5933
95.4028 83.8102
25.9014 42.4336
89.7914 76.0617
45.1851 66.5503
20.9562 54.6975
17.5974 43.1908
68.7414 83.6207
97.3346 8.03531
76.9437 25.0155
76.9114 74.9252
68.1666 3.63676
22.1667 65.2622
37.1466 23.3691
16.5928 15.9758
66.1994 94.9157
62.1046 1.79445
72.1872 5.36944
51.9175 6.53563
97.718 32.9056
74.3274 17.1379
93.9725 25.4957
12.3849 16.0083
10.5185 36.8562
32.7228 57.6776
75.8246 69.9791
93.5242 36.2084
45.5072 24.044
42.1579 28.9766
21.6386 52.7439
86.3643 71.1564
38.2822 45.9763
79.5353 0.322878
66.4689 18.6825
13.4039 94.6045
60.6001 34.7492
50.9658 83.4338
32.9434 63.1763
4.14204 76.7065
51.9303 22.0516
8.89927 70.6461
26.1779 37.8366
23.2608 46.9498
97.7238 3.42431
3.16388 59.1588
32.9579 53.6528
40.3581 96.691
86.7514 14.839
63.9523 93.1915
81.5407 57.2807
94.525 15.5414
34.3613 9.65383
2.2405 85.6876
67.4525 69.846
19.1984 34.5872
14.071 22.1656
58.6016 2.63397
76.2344 7.73243
92.5503 43.0446
83.1256 60.1638
51.9337 16.1419
57.436 53.1427
66.7049 54.8736
66.7965 57.1583
44.1313 50.2275
3.16565 52.2063
3.50595 10.7181
55.1829 61.1111
77.203 48.6681
69.6996 48.685
71.045 27.6647
28.0104 53.049
23.5403 59.7476
92.0252 82.1177
23.027 89.9521
65.1515 93.5936
85.8766 95.2431
12.295 70.2471
10.7739 9.98656
34.4576 75.7621
33.0758 57.3183
20.2482 97.4348
49.1841 80.4912
15.958 14.9251
38.0608 42.4134
65.1295 6.01425
89.7657 90.1218
17.0796 3.14038
52.2215 27.7198
58.6862 81.1895
93.9871 57.9863
88.0784 18.9549
71.8919 7.2869
87.906 8.98531
41.6796 67.4693
81.3047 76.936
89.6524 48.6471
37.7485 68.7578
7.68218 47.7641
23.8019 97.5881
68.1199 36.24
79.4278 7.3511
48.3873 49.9657
93.2843 14.6196
8.0322 40.8177
96.316 19.808
19.6307 57.5679
58.5675 36.8203
60.0133 14.8787
99.5401 40.274
81.9527 37.4249
47.9779 64.6495
79.9035 35.7672
33.4307 14.4897
66.6856 31.4699
60.2249 92.083
51.6531 26.4133
83.3648 63.4619
45.8046 15.5873
66.5973 79.4881
28.8654 32.0611
71.9155 23.1895
37.3359 7.38503
56.6183 42.2552
29.3043 35.7526
58.9419 46.3059
94.4452 5.04816
59.5927 86.4172
10.4579 83.3378
65.8594 1.8916
19.4679 52.3072
71.9795 83.7082
65.9888 64.3027
53.4876 32.3429
44.237 27.6668
11.7238 83.6375
33.2928 53.5956
92.989 24.3229
59.6723 24.6974
19.6178 83.5997
62.3243 67.1648
87.1284 11.5607
67.6065 45.4547
3.22694 85.5082
66.1425 5.99598
27.9493 17.642
89.7245 59.4159
69.0932 56.934
43.4503 20.3158
27.2443 24.43
47.6952 96.1436
21.741 78.2475
96.0055 57.34
12.9043 50.1854
50.5059 11.8397
66.8904 38.6707
83.1097 12.3444
64.8075 84.8695
10.5562 36.0967
71.9204 58.0969
15.7154 16.911
67.1352 88.651
34.1848 69.9639
79.1982 28.222
16.9961 7.31837
75.0171 16.46
77.3202 43.3928
92.9321 26.6287
79.278 21.3916
38.0628 92.8528
61.6563 35.6334
19.7901 79.114
1.82512 11.4529
65.4629 38.2413
33.1292 91.4368
39.3451 83.1551
12.9609 94.207
35.206 57.1891
84.4201 81.7317
43.5375 34.9157
91.9119 74.458
77.6418 61.2058
31.4608 12.5922
13.3293 12.6031
75.0525 45.8914
23.4676 68.3946
85.4236 12.0177
94.4193 6.02624
14.1179 22.7488
59.9194 5.37268
81.2305 3.18384
97.4467 67.108
23.8217 58.9708
22.7762 44.7814
93.3005 51.3499
85.9511 60.9468
62.4005 64.439
2.60003 20.7749
56.0325 12.0691
13.7716 54.26
88.66 36.2593
29.9211 91.3002
97.0299 79.7872
44.872 69.3926
46.8209 40.1555
46.7209 51.7596
89.9267 13.6994
68.9134 40.9278
3.12551 19.2647
27.4869 40.8626
72.2293 63.2939
0.0275349 34.6431
49.2207 31.8549
13.8002 38.6913
5.61348 76.5532
96.1921 99.9092
34.9783 19.9
54.2825 20.1617
51.3759 60.802
79.845 14.6671
52.3785 57.1627
67.8709 84.4641
33.2073 74.4075
40.2784 55.5453
61.4501 61.3926
3.96633 34.3489
17.1394 42.3845
73.0373 36.5644
8.66058 41.8166
32.5262 56.3984
53.186 6.02413
11.0132 54.9515
12.7237 5.9347
91.7977 85.8511
54.9302 84.6325
66.4346 97.3193
15.9347 28.3333
59.7956 6.2886
94.9394 28.2231
43.0824 19.8631
75.9196 67.2739
68.3365 16.8483
92.0936 0.381843
17.8152 66.8274
51.7482 46.6967
9.36437 44.5121
65.2046 88.235
20.3913 1.60746
10.9083 56.1133
24.5494 3.00402
88.6352 54.7401
48.7048 93.6609
54.8907 75.3337
17.2459 38.0426
96.7038 30.139
89.0453 25.0356
83.9556 70.8479
52.63 9.15335
78.213 30.7859
75.6626 64.5346
15.4232 45.5199
16.2428 40.9058
16.7285 98.5431
33.357 35.4326
32.215 64.1376
3.76828 7.82141
49.1122 25.2718
65.8614 0.166435
10.087 95.5516
16.5406 11.6442
96.0956 22.039
25.4563 24.3011
54.9228 85.1649
55.761 90.1996
75.9697 99.829
37.504 74.5522
76.6313 64.1665
10.2468 86.3361
93.0975 29.1166
97.54 83.0669
18.9622 76.5209
3.23388 37.5437
19.3147 59.6947
54.9478 77.6984
70.8398 88.3565
99.4661 49.9773
74.8435 68.9707
17.1227 28.2828
91.0853 39.9308
90.2494 54.8365
26.3153 23.5834
33.5606 45.2883
66.7104 81.9205
54.1796 74.6284
75.8699 40.675
70.228 66.1177
27.6393 30.1463
95.4292 90.2304
97.424 40.9958
79.6038 60.2006
10.9927 7.30384
38.3381 39.0933
55.9109 69.903
1.11431 38.7383
56.569 26.8586
16.162 80.831
19.1671 64.8154
7.28548 37.8955
49.3255 21.6246
35.3126 89.2149
43.915 98.2168
57.6638 14.3244
49.9835 8.25976
17.2927 37.4622
16.4685 24.5427
79.1156 25.0746
54.9814 51.529
35.1869 41.221
91.5687 56.8632
40.0523 80.6355
4.34072 13.0099
96.922 20.7209
83.0683 30.6062
98.4922 33.2869
8.23947 68.1656
20.4153 16.3937
19.7465 87.1827
9.07455 24.7026
51.707 86.7991
59.6703 98.6729
82.2799 68.6431
62.7998 39.6655
42.0051 47.7759
81.3622 29.4793
47.432 42.9241
46.4033 65.8065
56.2306 66.7623
65.2465 27.9692
0.518158 5.91972
21.4659 25.3661
73.8162 47.319
92.3061 25.0655
68.391 47.3922
50.639 83.5066
97.3102 14.8704
39.6488 77.0618
45.4478 63.6321
74.2002 27.2135
18.0408 78.7707
7.7255 84.1116
94.4811 94.5963
37.7179 82.8705
22.8601 86.1429
95.4651 86.9014
75.0104 41.7458
40.3707 36.2057
20.3926 82.3579
96.5837 41.6839
72.4963 41.51
60.336 98.743
0.420215 13.0178
67.7832 23.6833
68.0744 14.5993
59.878 7.37121
20.2964 73.2599
95.8215 74.0477
21.5447 83.916
21.8624 27.0701
83.5845 62.2814
45.7732 72.5235
41.2836 10.2257
43.5772 24.2478
63.1842 54.464
7.89411 4.82647
47.033 33.8452
85.3798 27.8563
70.3332 87.0376
18.1981 53.0931
72.5291 23.5327
23.7746 82.23
86.7889 3.86598
48.7712 35.5253
16.5043 31.0328
15.0371 90.6707
59.1714 82.9331
21.1342 58.2117
15.5059 30.7525
36.8609 3.4971
6.52273 77.0594
30.2871 96.7253
69.7825 15.4431
56.5461 68.8987
45.8841 16.1797
1.24615 80.5494
56.3489 57.5652
72.8453 51.0826
47.4775 58.5182
72.5622 34.5189
3.2957 75.7572
40.9143 16.2533
3.46696 17.1729
94.7031 82.0092
33.2639 83.5034
44.1389 5.90458
64.4286 20.8885
68.8851 36.702
12.3723 81.3234
54.0555 73.2887
54.9682 70.6819
72.0948 70.5298
38.22 18.4357
30.414 70.0235
49.026 17.9238
23.4011 52.7689
33.8934 67.4611
59.6737 82.0933
5.18739 13.8688
85.6061 2.22511
27.5584 9.91747
78.2175 79.7382
1.72278 62.6824
31.1988 32.0619
81.4288 73.7055
12.9753 31.6178
10.4098 88.3811
61.6127 87.8211
37.6962 80.3795
64.7873 6.30678
59.1894 33.1282
25.0697 15.8855
71.4764 7.19813
18.5877 23.7858
19.2756 34.4397
31.7012 98.0141
66.2178 92.8902
78.6237 65.124
18.1159 25.7187
2.42924 48.3723
96.7667 88.5485
86.9281 19.1843
22.577 81.7946
54.3713 18.3057
89.3645 27.9475
35.1769 69.3228
4.31582 24.4023
57.0678 35.1096
28.9279 32.0744
66.245 93.3927
79.5015 30.7525
32.2907 5.91831
19.5004 51.5876
54.3225 61.2364
98.1289 64.3222
19.1306 17.1681
92.8788 39.7386
19.5916 80.1325
82.4259 57.0929
8.42391 10.9146
74.4114 65.9696
50.6807 17.5787
26.8008 45.4629
95.8915 17.4194
51.5791 59.662
74.3142 34.589
96.2922 9.95498
10.4408 79.4239
38.0101 13.9837
9.68658 12.1003
71.328 57.9576
58.7647 99.5334
6.46321 37.5871
23.8461 98.2881
13.4113 64.1672
65.5652 35.1099
87.9341 17.1586
48.3427 9.60075
12.307 12.045
13.4091 42.1591
25.7837 56.9928
18.7079 15.4378
60.0612 9.71637
34.3297 91.7023
93.1294 24.5458
80.0032 58.6755
81.1845 51.6441
65.8865 38.3457
19.445 55.9622
70.1768 26.3983
11.7474 5.11765
4.7252 79.3975
28.0112 22.3189
50.8137 29.9237
11.0282 14.6664
82.239 68.7589
22.6136 16.3039
69.9001 8.23489
12.716 23.412
85.7696 36.8625
20.1087 68.9656
76.3624 1.31423
23.5599 18.4213
87.6697 5.4297
93.6927 88.5486
32.1922 17.558
16.2713 98.5789
64.3997 93.8363
77.7723 44.2821
13.1522 34.0833
36.6313 72.5349
77.319 86.6038
42.0443 65.5235
62.3929 47.3192
76.9784 26.3746
8.79195 56.6128
30.2735 14.1636
71.9641 75.2224
6.45333 69.111
99.6059 58.1827
2.47698 46.6351
41.4182 21.3207
83.5104 18.5374
81.746 46.7173
39.4445 32.5834
91.0829 51.0776
15.0726 94.2107
50.3177 49.0272
27.5718 90.3613
4.71862 90.2252
53.5012 30.614
36.6519 96.046
65.9514 58.3682
51.6957 37.191
53.8491 4.43746
10.0432 58.0275
64.1703 81.6211
63.4231 16.7929
74.3836 67.0025
73.9727 93.1529
6.11399 36.2883
17.5809 26.4646
56.4113 48.0752
69.9477 81.3381
0.203477 7.05907
0.000626567 97.2477
59.6175 31.4811
80.363 22.7608
26.6703 20.2319
64.5802 58.6794
42.9148 21.3618
95.3473 35.3631
13.3557 22.0639
13.6822 68.2496
71.9747 25.9499
99.7153 19.6651
15.6116 6.1241
61.9122 35.1874
35.863 14.6443
52.0889 86.2992
95.3591 86.0072
90.7256 95.0273
90.1834 36.7556
1.67438 32.7499
58.3021 93.0085
87.2381 91.6494
85.4533 13.6231
14.3851 62.7707
86.6559 61.0937
52.7873 36.7164
54.9947 29.6111
57.7584 18.7135
77.1319 54.8482
2.59106 76.3549
48.5026 78.4384
2.92358 85.8116
73.0151 33.2442
23.9789 81.2004
10.1678 19.4652
23.2136 20.4093
6.60737 98.1169
52.742 36.4629
27.6647 45.1776
49.6214 93.2875
44.5769 27.0346
15.0233 86.6342
93.6504 91.8602
3.50082 17.2206
28.4482 54.3716
0.197179 3.166
61.4815 15.1077
61.0731 38.2257
45.2888 72.9952
14.2256 10.7314
96.8442 13.1947
12.8038 89.2666
60.6931 3.88291
23.2868 16.727
6.83144 48.4787
68.3257 14.1342
90.7386 23.0527
24.8754 21.9152
65.2955 22.5699
9.13529 0.790594
86.1796 69.123
25.7662 94.7171
28.1286 19.909
90.1877 61.052
82.7823 1.9626
89.0322 64.2054
86.5903 9.42017
86.1275 51.8629
48.5735 0.548941
16.6352 55.3569
97.5457 69.0166
68.9595 27.1148
42.0896 23.4315
42.1502 10.224
43.0754 46.1433
63.2557 75.7867
42.26 56.6197
43.2824 60.3059
47.5158 23.1401
51.4811 97.8818
42.5526 66.9812
19.696 78.2289
19.4742 14.5493
73.0906 48.7891
76.4767 2.81228
65.6879 10.9731
77.8219 44.4013
15.4141 59.3987
83.4945 60.2232
19.9563 48.7855
70.0175 40.9071
90.0591 17.4854
92.389 55.8907
48.6288 53.2563
59.3498 15.827
71.8541 40.6977
1.10114 5.86726
97.7116 24.0794
36.16 82.0726
31.4604 33.3783
64.5655 36.9621
15.3205 4.66009
60.7855 56.7751
41.6742 63.3235
69.626 24.5704
83.1407 64.586
72.9512 33.4894
96.5072 59.1994
2.68041 55.3802
29.02 49.7498
30.2191 0.733731
75.3316 42.8637
0.564456 45.2756
43.9123 67.2995
55.1991 40.7436
49.5659 29.497
86.3532 33.3977
86.6305 11.0149
1.44928 87.0389
9.34018 90.962
75.7851 84.9359
99.5458 34.6509
23.1068 54.9373
8.93411 19.875
92.974 49.474
36.2681 75.5422
68.0556 44.3085
55.2801 72.093
69.9591 78.4688
85.8579 79.0095
46.146 50.4731
51.1728 1.69739
43.3937 93.6867
77.8927 49.4322
8.03609 94.5025
70.7826 50.9098
7.90307 36.7183
37.2159 17.4004
9.59763 95.5034
38.9076 61.0995
19.7273 45.4107
36.705 76.2322
9.75465 69.2031
22.0423 17.6885
81.1201 24.6148
56.7826 26.4742
44.6475 5.29167
91.3758 63.0692
97.5788 35.3456
84.7888 96.1115
85.8274 86.7784
0.661062 35.3425
62.6861 74.4073
25.7012 48.5276
14.2902 49.1754
29.5524 96.7996
57.1734 71.8894
77.5146 73.1582
41.083 81.3283
52.4389 58.7103
73.6285 27.1432
74.1339 42.5502
84.4531 11.3458
68.4561 28.767
24.9164 66.1595
1.90167 48.2199
12.5038 40.4797
48.2227 33.3424
5.00983 40.0283
60.9319 42.8414
42.6834 9.93327
47.602 56.899
8.14141 38.0451
63.6101 19.3755
5.96544 59.1948
88.569 81.5259
79.5447 14.2941
21.557 31.0631
60.8748 97.0521
88.5974 76.0733
22.1052 41.6761
10.3751 43.9634
78.1586 77.4786
4.70612 81.604
56.1559 7.57743
26.7695 57.8984
64.0155 91.5817
76.2175 50.9753
95.6157 77.9604
95.4016 55.4308
91.0738 41.1858
45.4895 73.3423
79.1614 62.1247
55.0068 68.4372
74.9331 59.7392
82.4905 20.906
90.0852 30.5808
32.6696 46.529
14.0787 82.0126
27.7015 87.1225
78.8704 23.4234
56.9214 92.033
97.8456 81.4702
86.4248 91.0694
62.9886 83.0622
56.5806 78.0092
52.5929 62.9726
6.32955 41.1825
66.6895 35.8241
50.9509 62.658
94.9752 43.1935
4.82018 71.3588
13.4334 78.8174
45.2174 21.142
45.6332 80.3589
16.3418 99.2865
38.9043 34.1669
20.8449 81.333
43.5774 28.3645
36.3617 51.2893
33.9278 83.7318
53.5161 38.4958
8.35465 11.062
26.7917 55.7788
89.988 90.0944
23.9468 81.1853
83.1387 43.1661
74.0154 21.8798
58.8182 86.7864
68.2191 44.7492
17.9788 56.9453
43.9 46.513
42.5763 33.5346
91.5491 13.4455
14.603 95.285
38.3717 92.2971
73.0003 55.3519
86.6185 19.2608
86.5555 22.5192
91.8075 54.693
28.0889 79.6292
29.2202 21.9872
93.2158 3.4999
53.3905 59.8839
46.299 55.8232
77.3404 44.7189
56.7101 29.403
5.90107 53.5025
83.8745 55.2079
26.8333 88.34
82.8432 60.1171
88.272 50.6748
27.7907 77.0617
17.6293 35.2666
69.8386 99.523
60.2341 13.4081
38.6767 21.6716
98.9527 13.9968
81.9157 86.0828
90.8209 32.5281
0.565812 17.5458
3.77142 66.9705
69.8223 99.1102
30.3332 86.1968
8.46605 46.6669
97.805 49.7669
67.3037 40.1748
94.3989 7.3777
15.3777 77.8675
53.4952 23.7807
6.64659 50.0956
4.44766 44.8233
17.7788 61.2816
52.3019 66.8077
53.7696 70.5868
88.3197 90.501
34.3673 91.5872
54.6813 99.4419
76.0099 29.9554
85.1921 21.216
93.9316 94.9778
15.5022 65.0934
45.0696 72.5026
26.7938 47.2938
83.2153 94.9451
58.6391 58.8188
10.7076 68.4852
74.9134 85.9661
73.7805 27.5877
35.0368 2.26766
48.7276 32.5953
36.8784 57.4331
81.4282 40.9754
25.6468 65.9755
6.9665 47.6308
84.9083 35.8674
40.852 59.5741
87.2976 6.22184
14.3298 79.8644
17.81 60.611
9.71363 5.60196
89.0506 70.9199
8.5252 75.5784
94.785 37.8838
41.7558 42.8152
4.67227 45.101
11.0995 76.9987
78.5078 52.1226
64.159 57.4007
0.391206 61.2752
90.895 86.0036
47.4453 72.8923
1.4469 10.0882
22.9924 8.59129
5.16147 18.513
35.7565 34.1732
16.9709 98.0367
46.9439 22.4284
32.0691 76.1727
76.5198 54.1058
39.1523 99.0208
24.8439 56.8199
25.4077 63.2843
47.7774 17.3494
82.1438 70.5099
58.0371 14.2653
39.9252 95.4534
30.1044 34.9305
99.5526 60.3974
78.3852 67.5007
75.0192 24.6729
95.7315 14.1254
51.5115 94.7706
61.0991 4.43993
81.2413 71.4071
48.5273 36.9876
26.7889 85.6972
17.2002 73.0678
98.9939 70.9069
99.1622 27.1071
26.2741 89.5055
10.3718 36.7192
83.7568 73.0861
96.2926 71.0977
60.6785 93.9118
27.392 10.3254
57.3295 29.857
12.6258 41.2172
15.399 43.4212
28.7302 16.8553
52.5031 10.0512
19.4513 4.70327
70.3405 17.3485
77.3571 74.7022
37.3752 35.8184
10.2653 11.0343
38.0757 21.1221
28.9607 24.0539
51.312 7.02451
54.7478 93.4867
90.5185 85.6975
29.9507 82.3419
60.6855 37.223
22.1356 74.8637
83.1034 71.6833
0.718171 8.60302
90.0553 60.3941
1.89675 46.1016
49.8104 93.5537
79.0831 6.97546
29.288 89.3969
67.4899 34.5987
54.9707 16.5453
77.3447 35.1501
16.0616 62.9866
27.9149 99.1817
96.0691 51.6422
81.5288 85.4029
35.2156 5.99838
44.8649 53.7966
57.9728 31.0049
39.5466 30.3747
41.6777 70.8618
84.4506 62.2166
57.3229 39.7462
95.3387 41.7817
79.3528 20.5415
26.3467 48.8013
99.1243 54.002
74.6899 51.2547
24.4357 81.1173
38.1637 20.057
93.1441 97.9397
48.2806 55.2303
65.4077 15.1073
88.0278 99.159
52.5457 78.2394
9.75062 20.8892
24.6382 16.041
94.7495 93.944
70.2375 3.30282
72.6908 43.5416
8.75512 95.3985
80.1219 98.2149
37.9801 90.8002
99.5481 55.5297
22.1584 41.0441
99.5981 5.30516
22.5579 87.4764
80.1883 14.901
48.5936 94.7178
40.1285 37.5099
39.4403 48.8059
59.8041 17.9254
80.4813 77.2304
39.264 36.7594
14.1616 94.2099
62.5419 92.6625
8.70202 76.4297
61.9011 12.4938
56.4537 33.3646
22.0219 23.6101
79.9586 66.7558
75.8303 20.8468
5.55241 23.8571
49.4976 78.1999
43.2665 90.6617
90.7555 99.7924
46.7134 79.9383
3.50208 29.3181
74.8209 74.6216
70.3311 49.0762
51.2078 43.5566
31.2672 8.77835
61.2789 82.4957
20.6065 67.3403
36.5429 11.0153
7.90915 70.3097
36.5035 8.35137
92.957 8.80791
29.8357 7.17595
97.8219 69.096
69.3267 22.9875
42.5465 57.8737
61.2439 34.5898
39.3421 20.9813
72.1309 10.2408
73.5437 45.1841
87.2046 2.59729
91.7344 39.1218
53.9494 57.1228
53.5012 72.3339
55.7066 45.7543
26.7351 71.3575
24.9158 71.3267
80.8733 68.7145
9.5792 98.4673
65.1654 5.50051
95.6831 14.0634
43.4999 46.1514
33.5415 38.0416
85.4386 57.2242
38.5636 54.3398
5.44383 37.0312
87.6861 32.0095
5.18127 5.26487
39.3658 78.7759
44.7321 39.9721
31.0842 28.568
84.2897 3.05042
8.45912 29.8354
98.9081 10.6438
59.1209 80.8957
86.0552 54.4071
67.0724 91.212
82.423 8.67977
48.1407 18.0082
87.0323 8.42173
84.7524 73.7802
85.7143 5.7017
73.5925 80.9852
55.6774 13.3184
58.4218 24.8035
75.6453 12.4036
97.5761 75.4274
78.5693 7.17763
67.934 23.1164
44.9628 76.2218
21.4584 70.8872
34.9297 3.29645
78.2165 73.6157
20.2453 52.0622
56.0079 11.3809
87.2735 30.7937
20.6167 65.5088
27.8534 81.9551
76.9475 39.414
64.7486 10.9507
47.9531 82.2263
96.7335 46.7219
5.77062 0.155961
56.9258 69.8642
11.3544 43.3406
35.7258 93.4654
1.88861 83.7924
1.16003 16.0849
14.4965 68.211
72.3612 31.3938
97.7013 6.48518
66.8174 57.365
20.4684 96.6832
86.0198 46.9915
88.512 42.5653
4.49716 51.477
78.6563 24.3862
15.9926 98.3881
22.3809 33.5594
52.0599 51.4985
76.2672 17.4703
61.8845 81.9193
88.0939 71.4535
72.765 52.5321
96.0594 7.83787
49.228 87.9009
70.8308 51.2531
36.1994 93.9113
82.3934 85.2494
58.5407 69.1885
56.6063 69.1793
47.6185 1.54994
18.1561 15.9145
41.1338 25.483
49.4654 94.4509
57.7052 81.6921
54.2212 10.6304
25.574 5.70976
81.4627 95.2811
49.0826 73.8135
56.107 60.0488
20.4333 39.5336
87.1278 77.6138
64.0654 52.4964
73.6347 38.5437
54.869 86.5346
58.0732 16.617
61.984 72.5796
20.0458 71.5108
77.6135 26.3619
30.9982 60.7659
8.05822 67.6582
70.1563 87.8379
97.8598 93.3398
8.55888 4.57679
44.4745 95.6063
28.2973 20.8136
21.9529 88.9854
61.7798 40.5418
7.54502 73.7261
57.5293 4.23678
34.474 54.35
93.3427 92.4544
92.571 71.542
6.06574 3.83465
36.776 97.4732
62.3359 63.6671
97.4157 22.7024
19.1401 21.7737
14.0332 77.4702
23.0775 24.2405
62.8815 23.4835
42.0179 52.068
66.892 79.7661
86.3881 58.9593
39.0619 31.4406
49.1634 15.8515
95.9656 48.9481
12.5183 71.3029
30.1513 7.76404
54.1516 91.4238
28.418 63.3888
64.8992 42.6879
22.152 88.9153
77.2449 38.3241
21.2617 69.0197
71.4456 72.834
64.1683 63.051
33.6416 44.6995
38.7117 40.7172
86.6047 99.2897
87.6618 2.68344
76.9979 32.3485
92.3425 46.0236
95.1619 33.1978
31.2445 83.4826
43.5318 39.8257
46.757 49.8195
87.8424 23.3887
37.6475 18.7558
22.96 69.3273
79.1754 52.4506
27.7915 98.4431
16.151 72.8365
63.0816 82.3261
73.3862 18.6656
22.5189 49.4649
53.9695 95.5485
50.9446 7.80138
19.7738 88.3265
85.4574 75.8197
8.64218 7.10846
31.2602 15.267
21.6644 82.3494
0.725077 32.3852
84.2968 22.1906
76.6262 82.972
62.0829 29.0677
9.68048 78.0053
59.8285 46.8167
78.0995 62.6062
61.7087 4.13246
60.2515 76.6065
25.0459 11.2627
29.2066 4.22149
41.1221 48.7036
84.482 59.3189
27.2493 21.8562
96.5036 4.41685
81.4583 59.6045
85.1937 49.192
92.1683 36.0214
58.2336 97.3169
6.90816 30.3003
21.9512 23.1307
91.0792 16.0179
39.1544 74.4448
27.5691 64.9526
42.6097 11.3973
0.439822 16.8178
98.508 75.391
10.0699 6.7372
1.75699 93.7427
70.6969 11.5488
41.706 88.5198
94.5044 41.6393
2.9052 18.0017
41.8039 93.6027
10.4518 41.1628
18.2855 76.067
93.6939 21.4981
64.5986 5.82809
86.045 77.2629
65.9123 69.9156
94.8427 67.9579
7.54717 70.5402
99.3233 16.9041
84.9853 37.9813
86.7909 8.43145
65.3936 13.2979
9.99214 64.7703
69.0285 74.9464
40.7929 90.5226
89.5451 61.6158
43.7387 93.3463
46.1421 13.8866
91.632 7.69351
67.2234 91.3022
81.8037 69.459
13.9856 69.0755
5.83194 90.712
82.2479 72.3975
53.8658 7.95681
41.8488 52.696
12.4476 4.04727
87.5232 7.16664
83.4317 30.4299
83.0736 12.4421
22.1612 76.0437
34.4169 59.3865
12.6456 66.0227
42.4379 42.1158
77.3242 5.69564
56.5083 8.92869
46.3286 97.1684
8.337 86.7367
37.172 65.368
31.8564 50.9697
66.7451 39.6828
81.4515 91.1465
33.4241 60.2086
32.1918 18.4304
24.2507 62.6484
26.9123 8.83322
60.6107 96.788
45.3622 56.7474
9.43025 5.70476
76.0786 26.7045
77.7562 52.9378
49.9132 59.279
71.2816 6.97752
20.925 98.9304
23.971 53.2414
1.64947 95.159
89.7896 99.1052
65.1392 6.20313
23.6217 19.7979
2.05232 35.2124
47.5281 87.3324
70.7598 85.9806
48.4443 46.7372
77.8888 23.863
29.2069 90.0044
89.3249 78.4584
97.4052 23.564
91.0783 15.7669
0.102171 24.4805
38.2304 32.1355
18.5063 9.52198
13.6702 97.8857
96.1498 65.965
15.492 18.9145
8.70108 17.3261
48.0451 59.3986
57.8656 31.6707
66.966 5.49204
86.5487 42.5935
81.7741 74.9951
87.3171 19.2842
56.5183 57.2471
94.6996 73.7233
73.6151 22.4064
4.75003 69.0311
86.1252 50.9665
74.4254 7.381
76.4538 71.942
72.7875 29.8891
97.2443 87.9088
99.4498 29.1128
48.6507 44.9553
75.4872 6.76177
6.45855 70.9481
42.0145 96.5349
53.9966 71.5514
63.9996 12.4499
69.2173 1.34808
62.9126 32.6319
57.7647 55.7084
45.5961 35.4983
83.141 85.9732
65.171 49.0358
16.4611 10.4793
67.5883 68.1385
27.9397 16.9308
49.8205 6.89345
11.9551 69.5592
68.7918 30.6998
38.8602 93.9181
62.4756 52.4123
6.19379 30.2743
65.1183 68.0991
80.9845 87.2053
18.6796 41.6894
68.875 31.3733
33.9282 0.774061
86.9333 67.6243
95.878 92.7877
32.7747 28.5099
73.0905 62.118
73.3074 95.3198
28.748 84.2894
81.5068 59.1098
46.3339 58.6401
11.1969 67.9952
99.5114 99.9962
16.4792 1.47158
94.7886 81.4583
84.3136 64.8054
97.1083 88.4369
62.1683 24.766
36.4713 17.3733
38.6154 57.5795
22.4902 23.2105
95.4913 56.5722
14.799 48.8379
83.0862 69.5775
76.7762 3.50692
51.3156 39.9477
65.5125 80.8624
40.0932 6.23604
48.5623 24.6676
59.9073 33.6542
25.8997 50.5842
41.6198 43.6561
81.6497 76.6644
39.5484 45.7508
94.0716 40.1922
54.4692 51.1569
45.867 1.83985
80.38 58.6314
96.7477 0.97142
16.3007 51.5167
16.8154 67.1873
36.3354 76.2849
4.74918 52.4983
58.618 20.0045
10.9187 17.7548
76.053 94.0899
90.2625 95.2494
68.212 4.53164
25.0018 35.1842
88.044 88.9048
3.6665 57.1682
35.596 25.6549
43.6812 35.9544
17.348 13.0017
53.2408 17.468
5.92362 44.8986
39.0419 45.9242
55.6029 1.22133
69.2129 44.907
88.4727 75.2962
41.7731 88.8306
47.4819 51.2768
95.02 84.7724
55.1611 12.2612
20.8501 99.452
74.441 47.7145
62.0492 33.0148
32.8066 50.8378
34.9784 37.0141
16.1954 70.9278
24.982 85.0096
12.052 54.1489
41.184 70.3912
85.0142 31.6189
33.6995 66.431
41.98 47.8412
93.3865 7.4403
71.3063 2.36364
52.0072 25.5918
62.8398 33.7557
61.96 10.0957
80.4087 92.1149
24.0061 82.2065
23.2574 5.28374
34.6943 24.2316
77.505 88.7102
95.7978 7.14711
94.6092 96.4646
49.7419 70.8788
90.6947 0.0212477
50.889 92.7345
10.6089 86.0525
95.6182 1.58273
94.2885 43.0917
61.3084 51.14
20.7696 79.8616
85.8854 33.7226
95.753 10.5726
63.0424 32.3275
29.7045 74.7404
85.2647 48.7301
91.4217 90.0405
59.6696 70.4786
51.7069 73.6985
48.4648 95.7581
25.6166 85.9756
11.5568 60.3338
3.92777 60.4863
67.4419 44.9913
87.1012 40.2843
9.25977 95.7836
99.5693 96.6183
50.394 89.4633
17.087 77.2044
73.1186 82.4536
48.399 32.6355
94.5291 13.0639
99.1998 20.1976
49.6109 9.68336
60.1459 78.5748
10.0535 28.7405
29.1848 14.1023
43.2668 50.9879
14.5224 58.1801
98.1613 56.3232
44.883 22.4446
56.3401 18.3912
79.2227 6.2874
41.2254 85.2658
22.098 98.0363
54.3854 29.8467
50.2525 91.8765
14.5305 38.0913
73.9493 91.0799
18.8775 61.5977
49.6527 64.3793
90.0451 87.5948
59.5392 11.2231
94.6606 22.3859
97.4146 99.5347
57.3964 93.0368
37.9635 90.8251
47.0614 4.84727
29.8817 15.657
77.8086 69.2035
2.82022 37.7473
36.3119 87.4876
79.6839 51.3341
42.5268 20.4338
47.5389 47.8574
81.6716 9.73604
19.6581 34.1591
12.4681 7.97623
40.994 57.2082
30.8154 86.3396
98.0114 13.563
96.2743 48.2734
54.4052 28.3791
26.3847 63.104
63.7152 19.1147
49.2443 64.5431
63.8969 38.2787
92.026 31.7711
74.3155 22.0807
85.5231 31.2627
93.3971 36.5524
86.7233 47.7786
41.6621 31.6045
4.92536 74.1731
64.6428 24.2865
15.6036 30.433
81.7716 46.23
96.993 91.7617
90.7786 89.4622
79.7581 45.172
82.1059 43.8857
21.0391 97.0249
96.9224 56.0941
94.6111 37.8168
85.7707 45.4344
80.9986 47.8861
65.3553 81.8654
36.5012 35.2233
59.3638 90.0088
19.4771 55.0045
13.6056 78.6423
2.69755 35.5234
20.0345 97.4719
65.6163 3.79572
66.7575 41.2157
20.1589 26.2111
31.3054 4.27798
29.5067 76.6728
21.1081 21.4676
54.6967 51.5589
80.9773 6.64113
79.9901 65.4911
98.6983 15.1571
82.5853 26.4056
64.1272 66.5231
21.6705 70.0324
79.2849 55.165
94.756 1.1187
61.627 23.5115
84.4754 64.0655
18.525 82.5592
64.9524 23.7063
39.4132 69.5184
47.0296 86.22
4.44222 52.702
11.2353 38.8015
35.1145 59.9252
82.2164 76.8936
96.0577 21.7224
80.1883 50.8526
47.693 32.7442
24.151 0.00039032
68.1278 86.4056
53.4859 92.2922
53.0547 26.7447
81.8003 47.6721
53.3895 33.8477
21.5648 84.9135
24.3943 80.2661
8.07532 50.6167
89.5018 58.7518
98.9104 63.4077
71.9049 38.1965
32.5757 49.9859
43.6814 82.5386
54.4042 82.9861
5.26502 71.0758
41.5427 45.3146
0.655021 61.3858
23.8498 26.3627
53.1616 44.9351
85.4035 62.4715
93.7944 32.079
46.2472 12.8783
90.0867 89.591
77.3446 86.3418
38.3691 25.3062
55.13 92.1142
18.2279 8.9623
75.8838 93.7293
5.23063 81.8072
49.5949 37.1736
87.2443 2.04262
41.7647 17.2276
93.3935 20.7964
72.531 30.1501
76.9167 46.0753
19.2192 95.4546
69.1193 54.564
21.7467 86.0565
56.4602 16.3338
46.0115 16.0924
92.7805 84.7556
72.8942 56.2312
65.4177 39.0295
71.0461 63.7079
62.1835 84.0963
63.2319 22.6498
42.7204 49.2164
58.8005 42.8101
61.7911 99.9662
24.8522 43.8194
59.8336 86.0129
33.7731 50.5806
80.0774 25.0422
47.4804 22.9692
88.6881 5.16213
96.942 52.0237
81.0505 61.777
14.1946 2.65912
87.1676 82.5835
1.4386 39.0233
21.9392 14.6256
16.342 66.6352
86.5115 36.8657
24.9221 77.7911
15.111 70.7853
5.87614 20.6381
70.0703 16.2821
50.5203 27.0253
82.7182 6.57147
14.1993 31.2788
86.3929 46.5693
76.3843 63.8559
78.813 26.0479
84.4842 2.61391
83.6296 55.534
89.9482 4.29072
85.0063 31.4971
47.3828 49.1429
11.106 16.024
42.8065 27.2006
95.4365 8.95157
82.013 20.26
79.7042 60.687
7.71963 18.9107
8.04752 63.0485
89.4111 92.3912
86.2916 38.7436
81.9672 14.3129
7.76374 75.1974
22.2595 69.7061
33.0618 9.20011
31.7428 23.659
4.55168 56.5643
12.7659 36.1439
34.0122 58.571
87.8333 63.1403
66.064 94.3244
37.3822 41.129
16.2389 40.4617
54.24 26.8454
97.8869 22.8274
66.2043 71.8902
14.6211 13.2636
20.4796 40.2102
57.6267 93.6348
43.3592 6.34808
6.15848 75.7335
49.6174 23.9651
4.00953 89.4119
8.69879 75.0227
69.1012 52.4325
97.5287 31.6006
21.4233 69.4808
62.0878 80.6043
31.5973 20.7639
21.5051 25.4774
86.886 91.5465
76.0811 29.0056
19.2207 68.7133
59.5658 91.9584
56.122 59.9884
19.3549 5.16458
48.3139 97.6294
40.4237 86.975
23.7121 92.9556
99.7353 3.58301
97.0538 24.8786
49.1605 78.4369
22.5577 42.891
44.9922 12.0081
24.2887 88.1592
70.1676 47.7315
86.5555 67.2983
71.8055 30.8539
22.4269 97.7149
76.4499 65.6421
14.8608 11.2037
37.4261 34.8813
13.0348 34.7038
87.1862 61.2513
9.38276 11.2272
96.5093 52.1909
91.7199 4.47603
19.2662 19.1297
44.0943 6.68696
8.64745 15.1831
65.0125 69.1664
10.8875 2.26548
46.4925 25.9283
64.7639 7.15232
22.7539 30.6033
31.8859 58.1713
2.54959 26.4859
48.9326 84.3815
94.9592 80.5875
18.8874 5.99023
22.7992 28.3887
85.9672 71.648
22.025 60.3617
37.1761 95.6796
12.381 24.1134
55.4929 83.7074
3.30363 83.4553
51.0935 28.0352
82.1439 19.2494
54.083 19.2963
39.9829 44.2775
57.5994 14.61
57.0333 80.56
72.8798 20.9756
49.2036 42.8842
41.887 52.8347
59.9007 17.896
86.224 95.502
87.4206 5.6275
55.4271 57.7001
52.8688 56.905
37.6849 45.802
90.3851 49.4284
98.6081 93.9859
92.9953 84.81
91.5356 25.9476
70.2873 13.1506
10.9558 9.40908
38.0991 64.3238
47.5572 92.9571
35.1312 68.5528
64.636 95.099
3.47628 22.8576
68.7768 81.7582
17.4442 17.3388
58.4714 13.8021
74.7257 99.2393
40.6357 95.8173
10.0962 58.0398
75.7476 17.4397
63.9382 51.1387
80.2624 17.4288
5.77796 91.0055
78.4898 25.7856
72.5411 75.2185
66.3916 11.898
94.2654 98.7391
61.2969 98.5817
70.1732 86.1241
15.8962 23.8526
0.388889 95.0103
77.1636 54.5721
56.0465 8.38859
45.2877 96.5523
99.6805 6.2658
31.6087 80.8827
48.9769 0.0403598
43.1739 24.2341
30.5974 62.7404
2.67698 55.7999
33.9636 75.1567
17.1953 50.4102
64.5257 91.871
71.0109 64.3004
91.2017 28.4956
44.3321 16.8471
9.63838 33.2691
98.4068 56.9297
30.8469 36.2479
49.3506 67.5365
25.6628 12.0744
65.6681 31.3972
8.33326 23.0764
47.2408 1.46505
79.8468 68.2533
85.3315 48.5402
79.0364 68.4763
67.834 97.8649
87.1156 8.7293
30.9018 25.7448
58.3207 13.7779
10.1426 82.1212
34.1626 18.7552
65.7648 34.9995
68.8777 20.6397
98.9848 57.2958
99.2945 91.6412
3.94368 25.7168
83.7529 49.2717
86.7112 30.4302
39.0392 30.4192
80.4628 33.5571
93.806 92.1949
26.8699 98.453
33.0192 38.0402
55.9831 16.3263
64.2866 42.6989
97.2355 13.0085
45.5039 46.8956
51.4174 15.6228
72.8995 64.3058
99.1701 92.9289
60.2692 83.6239
7.95083 77.6394
43.699 7.61148
88.8481 96.8477
28.6034 71.9137
54.6602 48.4468
13.9563 81.3843
76.6933 3.99421
90.9518 52.4384
42.6251 76.8245
8.40174 83.3545
81.5065 61.3024
92.9959 98.9997
8.94943 26.5715
42.4383 64.5103
93.9677 61.6219
71.0739 7.454
18.8894 84.6829
78.2567 49.9102
68.2607 83.8262
75.6134 62.1008
50.1931 28.2145
87.6767 25.5959
80.1196 84.7215
64.8383 14.9074
0.0092603 13.0701
99.9835 9.96299
75.3055 76.8058
21.7415 14.8188
29.9247 89.2103
51.4722 36.8671
32.3088 16.4426
94.0519 56.6374
75.0964 98.3054
97.1145 81.4878
70.9415 88.0118
35.4768 60.5427
39.8417 51.7773
64.9716 7.38901
28.7903 51.9769
6.44334 44.094
16.6811 17.9482
50.6407 3.6093
4.41242 39.1782
55.4533 90.1337
95.6986 66.0053
97.5016 52.2256
33.1659 2.4696
38.4619 66.1523
27.697 17.1804
3.48318 91.9569
96.0515 56.2302
20.1811 75.0393
46.9731 61.8494
36.5503 61.7248
28.7006 69.7418
1.5513 56.3516
62.2281 18.2395
99.8526 23.3454
61.1442 0.317014
55.7944 42.0863
1.22559 97.9761
1.12373 95.7337
22.4073 51.5694
98.1525 92.4057
30.8253 13.4085
17.4558 39.8702
87.0531 49.1502
57.7677 45.2846
78.0627 38.9419
22.7749 22.0858
49.7944 15.4665
84.1791 3.04106
40.9157 54.6741
88.5568 94.883
62.114 62.2997
76.521 57.7416
53.5449 36.0277
36.5136 54.2706
49.726 47.0553
79.1795 9.53896
71.4346 19.2439
1.61394 48.3007
67.4703 87.4272
58.4135 0.272568
23.8379 58.4295
62.913 50.594
40.1227 89.9109
80.1444 74.5459
20.9052 27.8348
80.2986 17.8161
66.7999 17.3648
77.0755 94.4385
60.1169 12.0455
34.3586 56.9647
64.8013 39.0126
20.3701 0.987534
44.6913 13.7617
5.33173 58.7581
1.5522 44.8908
10.4042 74.2283
40.4951 75.3178
44.4391 97.8691
97.9296 82.7261
28.6402 86.4563
92.2727 59.1053
48.3293 22.2751
72.1079 11.5339
67.8113 54.8797
66.748 73.4657
0.0576161 17.9118
