13.1538 45.865
21.8959 67.8865
93.4693 51.9416
3.45721 52.97
0.769819 6.68422
68.6773 93.0436
52.6929 65.3919
70.1191 76.2198
4.74645 32.8234
75.641 36.5339
98.255 75.3356
7.26859 88.4707
43.6411 47.7732
27.4907 16.6507
89.7656 6.05643
50.4523 31.9033
49.3977 9.07329
7.37491 38.4142
91.3817 46.4446
5.0084 77.0205
12.5365 68.8455
62.9543 72.5412
88.8572 30.6322
51.3274 84.5982
84.1511 41.5395
46.7917 17.8328
57.1655 3.30538
49.848 74.8293
89.0737 84.204
21.2752 13.0427
27.4588 41.4293
70.982 23.9911
31.754 65.2059
68.1346 38.7725
14.7533 84.5576
95.5409 14.8152
40.8767 56.4899
48.8515 96.1095
19.9757 62.9269
65.1254 80.3073
47.6432 20.325
90.1673 14.2021
41.0313 88.5648
16.2199 36.5339
13.5109 45.5307
45.23 93.1674
21.5248 90.8922
86.086 50.5956
81.7561 46.2245
63.2739 82.4697
70.2207 95.4415
28.9316 51.4435
41.4028 87.6566
72.9748 71.5642
70.6535 1.90924
52.4987 6.51939
48.8943 68.2049
91.6634 89.0019
13.9195 98.9362
44.6023 51.4659
43.9726 80.665
21.1519 15.3604
61.635 0.0878999
72.7335 41.7724
68.0562 83.642
82.8708 8.17376
62.9572 21.3547
38.8823 94.7545
26.9215 28.4035
78.3865 28.2156
1.13162 98.3236
81.9726 39.8144
17.688 15.7731
25.7169 10.1637
63.4717 79.477
75.294 63.343
59.8217 31.8778
11.7437 52.6123
58.7989 70.2989
16.1688 86.0226
55.6836 31.6007
52.8548 58.8119
43.0848 37.0226
44.6866 38.7831
7.82632 25.3922
67.6237 72.8608
94.4753 94.0163
46.0434 66.1355
60.564 15.0394
34.3818 52.2808
1.49506 64.2979
91.7848 97.0087
84.3975 45.5752
2.20837 70.695
43.6638 75.171
69.5679 75.3863
0.425392 7.99169
90.3301 74.6679
0.634169 51.8478
54.4023 21.5826
62.6861 70.932
28.0289 37.191
31.0169 10.3797
77.588 5.52788
16.0274 29.7022
47.7804 51.9988
15.0312 83.3682
57.7776 33.1175
98.6883 0.165742
2.93555 48.9652
73.8959 53.6267
12.2507 18.8276
61.4126 12.5933
95.4028 83.8102
25.9014 42.4336
89.7914 76.0617
45.1851 66.5503
20.9562 54.6975
17.5974 43.1908
68.7414 83.6207
97.3346 8.03531
76.9437 25.0155
76.9114 74.9252
68.1666 3.63676
22.1667 65.2622
37.1466 23.3691
16.5928 15.9758
66.1994 94.9157
62.1046 1.79445
72.1872 5.36944
51.9175 6.53563
97.718 32.9056
74.3274 17.1379
93.9725 25.4957
12.3849 16.0083
10.5185 36.8562
32.7228 57.6776
75.8246 69.9791
93.5242 36.2084
45.5072 24.044
42.1579 28.9766
21.6386 52.7439
86.3643 71.1564
38.2822 45.9763
79.5353 0.322878
66.4689 18.6825
13.4039 94.6045
60.6001 34.7492
50.9658 83.4338
32.9434 63.1763
4.14204 76.7065
51.9303 22.0516
8.89927 70.6461
26.1779 37.8366
23.2608 46.9498
97.7238 3.42431
3.16388 59.1588
32.9579 53.6528
40.3581 96.691
86.7514 14.839
63.9523 93.1915
81.5407 57.2807
94.525 15.5414
34.3613 9.65383
2.2405 85.6876
67.4525 69.846
19.1984 34.5872
14.071 22.1656
58.6016 2.63397
76.2344 7.73243
92.5503 43.0446
83.1256 60.1638
51.9337 16.1419
57.436 53.1427
66.7049 54.8736
66.7965 57.1583
44.1313 50.2275
3.16565 52.2063
3.50595 10.7181
55.1829 61.1111
77.203 48.6681
69.6996 48.685
71.045 27.6647
28.0104 53.049
23.5403 59.7476
92.0252 82.1177
23.027 89.9521
65.1515 93.5936
85.8766 95.2431
12.295 70.2471
10.7739 9.98656
34.4576 75.7621
33.0758 57.3183
20.2482 97.4348
49.1841 80.4912
15.958 14.9251
38.0608 42.4134
65.1295 6.01425
89.7657 90.1218
17.0796 3.14038
52.2215 27.7198
58.6862 81.1895
93.9871 57.9863
88.0784 18.9549
71.8919 7.2869
87.906 8.98531
41.6796 67.4693
81.3047 76.936
89.6524 48.6471
37.7485 68.7578
7.68218 47.7641
23.8019 97.5881
68.1199 36.24
79.4278 7.3511
48.3873 49.9657
93.2843 14.6196
8.0322 40.8177
96.316 19.808
19.6307 57.5679
58.5675 36.8203
60.0133 14.8787
99.5401 40.274
81.9527 37.4249
47.9779 64.6495
79.9035 35.7672
33.4307 14.4897
66.6856 31.4699
60.2249 92.083
51.6531 26.4133
83.3648 63.4619
45.8046 15.5873
66.5973 79.4881
28.8654 32.0611
71.9155 23.1895
37.3359 7.38503
56.6183 42.2552
29.3043 35.7526
58.9419 46.3059
94.4452 5.04816
59.5927 86.4172
10.4579 83.3378
65.8594 1.8916
19.4679 52.3072
71.9795 83.7082
65.9888 64.3027
53.4876 32.3429
44.237 27.6668
11.7238 83.6375
33.2928 53.5956
92.989 24.3229
59.6723 24.6974
19.6178 83.5997
62.3243 67.1648
87.1284 11.5607
67.6065 45.4547
3.22694 85.5082
66.1425 5.99598
27.9493 17.642
89.7245 59.4159
69.0932 56.934
43.4503 20.3158
27.2443 24.43
47.6952 96.1436
21.741 78.2475
96.0055 57.34
12.9043 50.1854
50.5059 11.8397
66.8904 38.6707
83.1097 12.3444
64.8075 84.8695
10.5562 36.0967
71.9204 58.0969
15.7154 16.911
67.1352 88.651
34.1848 69.9639
79.1982 28.222
16.9961 7.31837
75.0171 16.46
77.3202 43.3928
92.9321 26.6287
79.278 21.3916
38.0628 92.8528
61.6563 35.6334
19.7901 79.114
1.82512 11.4529
65.4629 38.2413
33.1292 91.4368
39.3451 83.1551
12.9609 94.207
35.206 57.1891
84.4201 81.7317
43.5375 34.9157
91.9119 74.458
77.6418 61.2058
31.4608 12.5922
13.3293 12.6031
75.0525 45.8914
23.4676 68.3946
85.4236 12.0177
94.4193 6.02624
14.1179 22.7488
59.9194 5.37268
81.2305 3.18384
97.4467 67.108
23.8217 58.9708
22.7762 44.7814
93.3005 51.3499
85.9511 60.9468
62.4005 64.439
2.60003 20.7749
56.0325 12.0691
13.7716 54.26
88.66 36.2593
29.9211 91.3002
97.0299 79.7872
44.872 69.3926
46.8209 40.1555
46.7209 51.7596
89.9267 13.6994
68.9134 40.9278
3.12551 19.2647
27.4869 40.8626
72.2293 63.2939
0.0275349 34.6431
49.2207 31.8549
13.8002 38.6913
5.61348 76.5532
96.1921 99.9092
34.9783 19.9
54.2825 20.1617
51.3759 60.802
79.845 14.6671
52.3785 57.1627
67.8709 84.4641
33.2073 74.4075
40.2784 55.5453
61.4501 61.3926
3.96633 34.3489
17.1394 42.3845
73.0373 36.5644
8.66058 41.8166
32.5262 56.3984
53.186 6.02413
11.0132 54.9515
12.7237 5.9347
91.7977 85.8511
54.9302 84.6325
66.4346 97.3193
15.9347 28.3333
59.7956 6.2886
94.9394 28.2231
43.0824 19.8631
75.9196 67.2739
68.3365 16.8483
92.0936 0.381843
17.8152 66.8274
51.7482 46.6967
9.36437 44.5121
65.2046 88.235
20.3913 1.60746
10.9083 56.1133
24.5494 3.00402
88.6352 54.7401
48.7048 93.6609
54.8907 75.3337
17.2459 38.0426
96.7038 30.139
89.0453 25.0356
83.9556 70.8479
52.63 9.15335
78.213 30.7859
75.6626 64.5346
15.4232 45.5199
16.2428 40.9058
16.7285 98.5431
33.357 35.4326
32.215 64.1376
3.76828 7.82141
49.1122 25.2718
65.8614 0.166435
10.087 95.5516
16.5406 11.6442
96.0956 22.039
25.4563 24.3011
54.9228 85.1649
55.761 90.1996
75.9697 99.829
37.504 74.5522
76.6313 64.1665
10.2468 86.3361
93.0975 29.1166
97.54 83.0669
18.9622 76.5209
3.23388 37.5437
19.3147 59.6947
54.9478 77.6984
70.8398 88.3565
99.4661 49.9773
74.8435 68.9707
17.1227 28.2828
91.0853 39.9308
90.2494 54.8365
26.3153 23.5834
33.5606 45.2883
66.7104 81.9205
54.1796 74.6284
75.8699 40.675
70.228 66.1177
27.6393 30.1463
95.4292 90.2304
97.424 40.9958
79.6038 60.2006
10.9927 7.30384
38.3381 39.0933
55.9109 69.903
1.11431 38.7383
56.569 26.8586
16.162 80.831
19.1671 64.8154
7.28548 37.8955
49.3255 21.6246
35.3126 89.2149
43.915 98.2168
57.6638 14.3244
49.9835 8.25976
17.2927 37.4622
16.4685 24.5427
79.1156 25.0746
54.9814 51.529
35.1869 41.221
91.5687 56.8632
40.0523 80.6355
4.34072 13.0099
96.922 20.7209
83.0683 30.6062
98.4922 33.2869
8.23947 68.1656
20.4153 16.3937
19.7465 87.1827
9.07455 24.7026
51.707 86.7991
59.6703 98.6729
82.2799 68.6431
62.7998 39.6655
42.0051 47.7759
81.3622 29.4793
47.432 42.9241
46.4033 65.8065
56.2306 66.7623
65.2465 27.9692
0.518158 5.91972
21.4659 25.3661
73.8162 47.319
92.3061 25.0655
68.391 47.3922
50.639 83.5066
97.3102 14.8704
39.6488 77.0618
45.4478 63.6321
74.2002 27.2135
18.0408 78.7707
7.7255 84.1116
94.4811 94.5963
37.7179 82.8705
22.8601 86.1429
95.4651 86.9014
75.0104 41.7458
40.3707 36.2057
20.3926 82.3579
96.5837 41.6839
72.4963 41.51
60.336 98.743
0.420215 13.0178
67.7832 23.6833
68.0744 14.5993
59.878 7.37121
20.2964 73.2599
95.8215 74.0477
21.5447 83.916
21.8624 27.0701
83.5845 62.2814
45.7732 72.5235
41.2836 10.2257
43.5772 24.2478
63.1842 54.464
7.89411 4.82647
47.033 33.8452
85.3798 27.8563
70.3332 87.0376
18.1981 53.0931
72.5291 23.5327
23.7746 82.23
86.7889 3.86598
48.7712 35.5253
16.5043 31.0328
15.0371 90.6707
59.1714 82.9331
21.1342 58.2117
15.5059 30.7525
36.8609 3.4971
6.52273 77.0594
30.2871 96.7253
69.7825 15.4431
56.5461 68.8987
45.8841 16.1797
1.24615 80.5494
56.3489 57.5652
72.8453 51.0826
47.4775 58.5182
72.5622 34.5189
3.2957 75.7572
40.9143 16.2533
3.46696 17.1729
94.7031 82.0092
33.2639 83.5034
44.1389 5.90458
64.4286 20.8885
68.8851 36.702
12.3723 81.3234
54.0555 73.2887
54.9682 70.6819
72.0948 70.5298
38.22 18.4357
30.414 70.0235
49.026 17.9238
23.4011 52.7689
33.8934 67.4611
59.6737 82.0933
5.18739 13.8688
85.6061 2.22511
27.5584 9.91747
78.2175 79.7382
1.72278 62.6824
31.1988 32.0619
81.4288 73.7055
12.9753 31.6178
10.4098 88.3811
61.6127 87.8211
37.6962 80.3795
64.7873 6.30678
59.1894 33.1282
25.0697 15.8855
71.4764 7.19813
18.5877 23.7858
19.2756 34.4397
31.7012 98.0141
66.2178 92.8902
78.6237 65.124
18.1159 25.7187
2.42924 48.3723
96.7667 88.5485
86.9281 19.1843
22.577 81.7946
54.3713 18.3057
89.3645 27.9475
35.1769 69.3228
4.31582 24.4023
57.0678 35.1096
28.9279 32.0744
66.245 93.3927
79.5015 30.7525
32.2907 5.91831
19.5004 51.5876
54.3225 61.2364
98.1289 64.3222
19.1306 17.1681
92.8788 39.7386
19.5916 80.1325
82.4259 57.0929
8.42391 10.9146
74.4114 65.9696
50.6807 17.5787
26.8008 45.4629
95.8915 17.4194
51.5791 59.662
74.3142 34.589
96.2922 9.95498
10.4408 79.4239
38.0101 13.9837
9.68658 12.1003
71.328 57.9576
58.7647 99.5334
6.46321 37.5871
23.8461 98.2881
13.4113 64.1672
65.5652 35.1099
87.9341 17.1586
48.3427 9.60075
12.307 12.045
13.4091 42.1591
25.7837 56.9928
18.7079 15.4378
60.0612 9.71637
34.3297 91.7023
93.1294 24.5458
80.0032 58.6755
81.1845 51.6441
65.8865 38.3457
19.445 55.9622
70.1768 26.3983
11.7474 5.11765
4.7252 79.3975
28.0112 22.3189
50.8137 29.9237
11.0282 14.6664
82.239 68.7589
22.6136 16.3039
69.9001 8.23489
12.716 23.412
85.7696 36.8625
20.1087 68.9656
76.3624 1.31423
23.5599 18.4213
87.6697 5.4297
93.6927 88.5486
32.1922 17.558
16.2713 98.5789
64.3997 93.8363
77.7723 44.2821
13.1522 34.0833
36.6313 72.5349
77.319 86.6038
42.0443 65.5235
62.3929 47.3192
76.9784 26.3746
8.79195 56.6128
30.2735 14.1636
71.9641 75.2224
6.45333 69.111
99.6059 58.1827
2.47698 46.6351
41.4182 21.3207
83.5104 18.5374
81.746 46.7173
39.4445 32.5834
91.0829 51.0776
15.0726 94.2107
50.3177 49.0272
27.5718 90.3613
4.71862 90.2252
53.5012 30.614
36.6519 96.046
65.9514 58.3682
51.6957 37.191
53.8491 4.43746
10.0432 58.0275
64.1703 81.6211
63.4231 16.7929
74.3836 67.0025
73.9727 93.1529
6.11399 36.2883
17.5809 26.4646
56.4113 48.0752
69.9477 81.3381
0.203477 7.05907
0.000626567 97.2477
59.6175 31.4811
80.363 22.7608
26.6703 20.2319
64.5802 58.6794
42.9148 21.3618
95.3473 35.3631
13.3557 22.0639
13.6822 68.2496
71.9747 25.9499
99.7153 19.6651
15.6116 6.1241
61.9122 35.1874
35.863 14.6443
52.0889 86.2992
95.3591 86.0072
90.7256 95.0273
90.1834 36.7556
1.67438 32.7499
58.3021 93.0085
87.2381 91.6494
85.4533 13.6231
14.3851 62.7707
86.6559 61.0937
52.7873 36.7164
54.9947 29.6111
57.7584 18.7135
77.1319 54.8482
2.59106 76.3549
48.5026 78.4384
2.92358 85.8116
73.0151 33.2442
23.9789 81.2004
10.1678 19.4652
23.2136 20.4093
6.60737 98.1169
52.742 36.4629
27.6647 45.1776
49.6214 93.2875
44.5769 27.0346
15.0233 86.6342
93.6504 91.8602
3.50082 17.2206
28.4482 54.3716
0.197179 3.166
61.4815 15.1077
61.0731 38.2257
45.2888 72.9952
14.2256 10.7314
96.8442 13.1947
12.8038 89.2666
60.6931 3.88291
23.2868 16.727
6.83144 48.4787
68.3257 14.1342
90.7386 23.0527
24.8754 21.9152
65.2955 22.5699
9.13529 0.790594
86.1796 69.123
25.7662 94.7171
28.1286 19.909
90.1877 61.052
82.7823 1.9626
89.0322 64.2054
86.5903 9.42017
86.1275 51.8629
48.5735 0.548941
16.6352 55.3569
97.5457 69.0166
68.9595 27.1148
42.0896 23.4315
42.1502 10.224
43.0754 46.1433
63.2557 75.7867
42.26 56.6197
43.2824 60.3059
47.5158 23.1401
51.4811 97.8818
42.5526 66.9812
19.696 78.2289
19.4742 14.5493
73.0906 48.7891
76.4767 2.81228
65.6879 10.9731
77.8219 44.4013
15.4141 59.3987
83.4945 60.2232
19.9563 48.7855
70.0175 40.9071
90.0591 17.4854
92.389 55.8907
48.6288 53.2563
59.3498 15.827
71.8541 40.6977
1.10114 5.86726
97.7116 24.0794
36.16 82.0726
31.4604 33.3783
64.5655 36.9621
15.3205 4.66009
60.7855 56.7751
41.6742 63.3235
69.626 24.5704
83.1407 64.586
72.9512 33.4894
96.5072 59.1994
2.68041 55.3802
29.02 49.7498
30.2191 0.733731
75.3316 42.8637
0.564456 45.2756
43.9123 67.2995
55.1991 40.7436
49.5659 29.497
86.3532 33.3977
86.6305 11.0149
1.44928 87.0389
9.34018 90.962
75.7851 84.9359
99.5458 34.6509
23.1068 54.9373
8.93411 19.875
92.974 49.474
36.2681 75.5422
68.0556 44.3085
55.2801 72.093
69.9591 78.4688
85.8579 79.0095
46.146 50.4731
51.1728 1.69739
43.3937 93.6867
77.8927 49.4322
8.03609 94.5025
70.7826 50.9098
7.90307 36.7183
37.2159 17.4004
9.59763 95.5034
38.9076 61.0995
19.7273 45.4107
36.705 76.2322
9.75465 69.2031
22.0423 17.6885
81.1201 24.6148
56.7826 26.4742
44.6475 5.29167
91.3758 63.0692
97.5788 35.3456
84.7888 96.1115
85.8274 86.7784
0.661062 35.3425
62.6861 74.4073
25.7012 48.5276
14.2902 49.1754
29.5524 96.7996
57.1734 71.8894
77.5146 73.1582
41.083 81.3283
52.4389 58.7103
73.6285 27.1432
74.1339 42.5502
84.4531 11.3458
68.4561 28.767
24.9164 66.1595
1.90167 48.2199
12.5038 40.4797
48.2227 33.3424
5.00983 40.0283
60.9319 42.8414
42.6834 9.93327
47.602 56.899
8.14141 38.0451
63.6101 19.3755
5.96544 59.1948
88.569 81.5259
79.5447 14.2941
21.557 31.0631
60.8748 97.0521
88.5974 76.0733
22.1052 41.6761
10.3751 43.9634
78.1586 77.4786
4.70612 81.604
56.1559 7.57743
26.7695 57.8984
64.0155 91.5817
76.2175 50.9753
95.6157 77.9604
95.4016 55.4308
91.0738 41.1858
45.4895 73.3423
79.1614 62.1247
55.0068 68.4372
74.9331 59.7392
82.4905 20.906
90.0852 30.5808
32.6696 46.529
14.0787 82.0126
27.7015 87.1225
78.8704 23.4234
56.9214 92.033
97.8456 81.4702
86.4248 91.0694
62.9886 83.0622
56.5806 78.0092
52.5929 62.9726
6.32955 41.1825
66.6895 35.8241
50.9509 62.658
94.9752 43.1935
4.82018 71.3588
13.4334 78.8174
45.2174 21.142
45.6332 80.3589
16.3418 99.2865
38.9043 34.1669
20.8449 81.333
43.5774 28.3645
36.3617 51.2893
33.9278 83.7318
53.5161 38.4958
8.35465 11.062
26.7917 55.7788
89.988 90.0944
23.9468 81.1853
83.1387 43.1661
74.0154 21.8798
58.8182 86.7864
68.2191 44.7492
17.9788 56.9453
43.9 46.513
42.5763 33.5346
91.5491 13.4455
14.603 95.285
38.3717 92.2971
73.0003 55.3519
86.6185 19.2608
86.5555 22.5192
91.8075 54.693
28.0889 79.6292
29.2202 21.9872
93.2158 3.4999
53.3905 59.8839
46.299 55.8232
77.3404 44.7189
56.7101 29.403
5.90107 53.5025
83.8745 55.2079
26.8333 88.34
82.8432 60.1171
88.272 50.6748
27.7907 77.0617
17.6293 35.2666
69.8386 99.523
60.2341 13.4081
38.6767 21.6716
98.9527 13.9968
81.9157 86.0828
90.8209 32.5281
0.565812 17.5458
3.77142 66.9705
69.8223 99.1102
30.3332 86.1968
8.46605 46.6669
97.805 49.7669
67.3037 40.1748
94.3989 7.3777
15.3777 77.8675
53.4952 23.7807
6.64659 50.0956
4.44766 44.8233
17.7788 61.2816
52.3019 66.8077
53.7696 70.5868
88.3197 90.501
34.3673 91.5872
54.6813 99.4419
76.0099 29.9554
85.1921 21.216
93.9316 94.9778
15.5022 65.0934
45.0696 72.5026
26.7938 47.2938
83.2153 94.9451
58.6391 58.8188
10.7076 68.4852
74.9134 85.9661
73.7805 27.5877
35.0368 2.26766
48.7276 32.5953
36.8784 57.4331
81.4282 40.9754
25.6468 65.9755
6.9665 47.6308
84.9083 35.8674
40.852 59.5741
87.2976 6.22184
14.3298 79.8644
17.81 60.611
9.71363 5.60196
89.0506 70.9199
8.5252 75.5784
94.785 37.8838
41.7558 42.8152
4.67227 45.101
11.0995 76.9987
78.5078 52.1226
64.159 57.4007
0.391206 61.2752
90.895 86.0036
47.4453 72.8923
1.4469 10.0882
22.9924 8.59129
5.16147 18.513
35.7565 34.1732
16.9709 98.0367
46.9439 22.4284
32.0691 76.1727
76.5198 54.1058
39.1523 99.0208
24.8439 56.8199
25.4077 63.2843
47.7774 17.3494
82.1438 70.5099
58.0371 14.2653
39.9252 95.4534
30.1044 34.9305
99.5526 60.3974
78.3852 67.5007
75.0192 24.6729
95.7315 14.1254
51.5115 94.7706
61.0991 4.43993
81.2413 71.4071
48.5273 36.9876
26.7889 85.6972
17.2002 73.0678
98.9939 70.9069
99.1622 27.1071
26.2741 89.5055
10.3718 36.7192
83.7568 73.0861
96.2926 71.0977
60.6785 93.9118
27.392 10.3254
