0.00078259 13.1538
75.5605 45.865
53.2767 21.8959
4.70446 67.8865
67.9296 93.4693
38.3502 51.9416
83.0965 3.45721
5.34616 52.97
67.1149 0.769819
38.3416 6.68422
41.7486 68.6773
58.8977 93.0436
84.6167 52.6929
9.19649 65.3919
41.5999 70.1191
91.0321 76.2198
26.2453 4.74645
73.6082 32.8234
63.2639 75.641
99.1037 36.5339
24.7039 98.255
72.266 75.3356
65.1519 7.26859
63.1635 88.4707
27.271 43.6411
76.6495 47.7732
23.7774 27.4907
35.9265 16.6507
48.6517 89.7656
90.9208 6.05643
90.4653 50.4523
51.6292 31.9033
98.6642 49.3977
26.6145 9.07329
94.7764 7.37491
50.0707 38.4142
27.7082 91.3817
52.9747 46.4446
94.098 5.0084
76.1514 77.0205
82.7817 12.5365
1.58677 68.8455
86.8247 62.9543
73.6225 72.5412
99.9458 88.8572
23.3195 30.6322
35.1015 51.3274
59.1114 84.5982
41.2081 84.1511
26.9317 41.5395
53.7304 46.7917
28.7212 17.8328
15.372 57.1655
80.2406 3.30538
53.445 49.848
95.5361 74.8293
55.4584 89.0737
62.4849 84.204
15.9768 21.2752
71.471 13.0427
9.09903 27.4588
0.29996 41.4293
2.68763 70.982
93.7897 23.9911
18.0896 31.754
88.6991 65.2059
15.0335 68.1346
38.5815 38.7725
49.9741 14.7533
58.7187 84.5576
59.0109 95.5409
55.6146 14.8152
98.3305 40.8767
14.182 56.4899
25.2126 48.8515
46.4031 96.1095
12.6031 19.9757
31.925 62.9269
12.6712 65.1254
62.1634 80.3073
24.7842 47.6432
38.9314 20.325
2.83752 90.1674
42.6497 14.2021
94.7487 41.0313
13.1189 88.5648
9.21736 16.2199
7.10636 36.5339
25.3057 13.5109
78.3153 45.5307
34.9524 45.23
80.8945 93.1674
65.1646 21.5248
67.9592 90.8922
25.0126 86.086
47.1262 50.5956
60.0394 81.7561
75.5844 46.2245
95.1367 63.2739
43.933 82.4697
68.8981 70.2207
98.7145 95.4415
85.127 28.9316
53.7426 51.4435
10.3434 41.4029
57.6717 87.6566
44.0039 72.9748
86.9264 71.5642
80.072 70.6535
74.1716 1.90924
88.6031 52.4987
46.3323 6.51939
71.3422 48.8943
66.7679 68.2049
19.9555 91.6634
86.5883 89.0019
54.3948 13.9195
45.0347 98.9362
21.5532 44.6023
31.5732 51.4659
88.1504 43.9726
46.7532 80.665
36.5158 21.1519
99.9117 15.3604
63.0488 61.635
0.0595042 0.0878999
77.3352 72.7335
31.9178 41.7724
68.2494 68.0562
20.5262 83.642
70.8921 82.8708
9.45488 8.17376
76.4005 62.9572
21.3852 21.3547
8.10608 38.8823
95.216 94.7545
38.9854 26.9215
69.2169 28.4035
77.6866 78.3865
42.246 28.2156
19.3967 1.13162
19.1824 98.3236
24.4054 81.9726
13.6455 39.8144
60.101 17.688
82.8355 15.7731
98.7937 25.7169
23.3599 10.1637
21.9411 63.4717
69.6007 79.477
69.6243 75.294
66.9521 63.343
5.64407 59.8217
22.7008 31.8778
69.9834 11.7437
76.2571 52.6123
55.3911 58.7989
32.9666 70.2989
14.3045 16.1688
48.5325 86.0226
81.3266 55.6836
73.8997 31.6007
13.5332 52.8548
31.0739 58.8119
51.8084 43.0848
25.8843 37.0226
39.3018 44.6866
47.5896 38.7831
27.9293 7.82632
36.9742 25.3922
67.1784 67.6237
51.3936 72.8608
72.0768 94.4753
46.0697 94.0163
32.156 46.0434
51.7145 66.1356
40.1833 60.564
98.6503 15.0394
67.0098 34.3818
54.171 52.2808
82.9239 1.49506
27.421 64.2979
54.6137 91.7848
26.6613 97.0087
24.6733 84.3975
69.4024 45.5752
81.7101 2.20837
16.0749 70.695
70.7826 43.6638
58.2421 75.171
99.1533 69.5679
27.9512 75.3863
17.1179 0.425392
49.5691 7.99169
16.3081 90.3301
78.2992 74.6679
43.6426 0.634169
58.4787 51.8478
6.68498 54.4023
38.9731 21.5826
38.5769 62.6861
65.9053 70.932
53.8661 28.0289
81.5932 37.191
68.6102 31.0169
0.934752 10.3797
52.096 77.588
22.0685 5.52788
7.06349 16.0274
72.3764 29.7022
5.06026 47.7804
45.7162 51.9988
44.649 15.0312
28.5942 83.3682
69.5637 57.7776
68.1164 33.1175
5.74753 98.6883
54.2393 0.165742
85.6193 2.93555
37.755 48.9652
57.6173 73.8959
67.9332 53.6267
3.55877 12.2507
97.3356 18.8276
35.1319 61.4125
60.7611 12.5933
55.2862 95.4028
35.6925 83.8102
97.4252 25.9014
25.1528 42.4336
81.3048 89.7914
24.4586 76.0617
69.4856 45.1851
26.362 66.5503
11.6571 20.9562
11.3676 54.6975
0.607937 17.5974
59.9359 43.1908
8.25065 68.7414
37.531 83.6207
12.3637 97.3346
2.96353 8.03531
49.4245 76.9437
93.403 25.0155
35.9658 76.9114
49.9955 74.9252
67.1903 68.1666
75.677 3.63676
23.0572 22.1667
56.2602 65.2622
61.661 37.1466
22.4801 23.3692
65.3012 16.5928
74.4104 15.9758
4.76386 66.1993
12.4945 94.9157
48.418 62.1046
91.4025 1.79445
59.3546 72.1872
49.6582 5.36944
44.1633 51.9175
77.1944 6.53563
44.279 97.718
46.7741 32.9056
44.593 74.3274
20.5341 17.1379
37.252 93.9725
96.4851 25.4957
7.03352 12.3849
52.6338 16.0083
51.7707 10.5185
84.1576 36.8562
42.389 32.7228
71.3547 57.6776
87.1884 75.8246
83.6598 69.9791
38.906 93.5242
60.5603 36.2084
53.9505 45.5072
40.1692 24.044
8.30857 42.1579
47.238 28.9766
10.4969 21.6386
80.2019 52.7439
66.882 86.3643
24.375 71.1564
26.3663 38.2822
8.10055 45.9763
23.2867 79.5353
49.1343 0.322878
26.6119 66.4689
42.5191 18.6825
96.3476 13.4039
79.5856 94.6045
17.1155 60.6001
6.38036 34.7492
29.2468 50.9658
82.5837 83.4338
72.6443 32.9434
80.2084 63.1763
4.53407 4.14204
15.3315 76.7065
6.17314 51.9303
92.915 22.0516
20.4563 8.89927
69.9691 70.6461
49.4631 26.1779
71.1571 37.8366
20.0645 23.2608
43.6096 46.9498
86.1187 97.7238
44.4519 3.42431
52.3772 3.16388
75.3174 59.1588
82.2891 32.9579
23.2078 53.6528
43.0618 40.3581
98.7325 96.691
85.0531 86.7514
31.1605 14.839
99.7599 63.9523
46.8075 93.1915
69.0773 81.5407
54.1535 57.2807
15.9216 94.525
82.1334 15.5414
4.10748 34.3613
11.0019 9.65383
51.8773 2.2405
56.1484 85.6876
51.6908 67.4525
73.7175 69.846
2.27995 19.1984
67.0991 34.5872
6.62903 14.071
92.1117 22.1656
38.0115 58.6016
16.7313 2.63397
69.1126 76.2344
71.3695 7.73243
58.9809 92.5503
92.9698 43.0446
50.597 83.1256
91.9236 60.1638
72.3837 51.9337
49.0817 16.1419
97.6116 57.436
27.3251 53.1427
69.8558 66.7049
9.74325 54.8736
61.0738 66.7965
49.5125 57.1583
58.8888 44.1313
15.1217 50.2275
73.1364 3.16565
5.16167 52.2063
32.0642 3.50595
24.5142 10.7181
38.2969 55.1829
59.7169 61.1111
93.5251 77.203
51.3148 48.6681
65.0128 69.6996
40.7538 48.685
47.9783 71.045
53.4199 27.6647
60.5538 28.0104
70.3369 53.049
93.8254 23.5403
41.3494 59.7476
78.3002 92.0252
68.1491 82.1177
52.7413 23.027
14.3684 89.9521
25.1422 65.1515
0.481561 93.5936
27.5353 85.8766
27.8929 95.2431
50.682 12.295
41.6475 70.2471
43.6491 10.7739
76.6175 9.98656
44.1265 34.4576
29.7064 75.7621
33.851 33.0758
5.56062 57.3183
48.5286 20.2482
11.4475 97.4348
86.4609 49.1841
36.7395 80.4912
16.2204 15.958
5.77229 14.9251
46.8101 38.0608
88.3705 42.4134
41.2248 65.1295
30.8328 6.01425
81.4417 89.7657
91.9492 90.1218
77.0046 17.0796
57.2442 3.14038
80.3268 52.2215
86.1622 27.7198
86.9494 58.6862
38.9172 81.1895
52.567 93.9872
42.0038 57.9863
74.9145 88.0784
33.8085 18.9549
74.3126 71.8919
87.9162 7.2869
71.0114 87.906
35.9379 8.98531
16.1029 41.6796
9.64285 67.4693
56.2612 81.3047
87.8192 76.936
63.5205 89.6524
87.8413 48.6471
11.3071 37.7485
38.262 68.7578
12.174 7.68218
14.3302 47.7641
70.8588 23.8019
39.0967 97.5881
62.8767 68.1199
90.8691 36.24
85.9213 79.4278
42.8873 7.3511
49.8631 48.3873
45.0735 49.9657
74.0759 93.2843
30.0122 14.6196
11.0018 8.0322
97.2476 40.8177
23.841 96.316
83.3474 19.808
12.9482 19.6307
33.9119 57.5679
44.0268 58.5675
43.2877 36.8203
38.2317 60.0133
42.9473 14.8787
67.0197 99.5401
69.8066 40.274
84.9278 81.9527
79.3382 37.4249
0.960789 47.9779
63.9058 64.6495
64.4898 79.9035
37.7364 35.7672
38.95 33.4307
69.3589 14.4897
29.1525 66.6856
85.4365 31.4699
14.4142 60.2249
0.55882 92.083
38.1955 51.6531
34.4456 26.4133
29.1 83.3648
12.4391 63.4619
4.86974 45.8046
37.6817 15.5873
75.5856 66.5973
1.15306 79.4881
56.0914 28.8654
41.556 32.0611
51.459 71.9155
84.2044 23.1895
46.5007 37.3359
5.00431 7.38503
20.2449 56.6183
83.1524 42.2552
83.9549 29.3043
18.1196 35.7526
93.411 58.9419
36.904 46.3059
62.783 94.4452
40.5786 5.04816
44.485 59.5927
74.8311 86.4172
13.1023 10.4579
66.5308 83.3378
58.1285 65.8594
98.2032 1.8916
92.1473 19.4679
96.7723 52.3072
27.8796 71.9795
59.0459 83.7082
83.4691 65.9888
73.0448 64.3027
34.9529 53.4876
66.4147 32.3429
86.9188 44.237
91.7967 27.6668
95.1753 11.7238
41.6007 83.6376
96.2535 33.2928
52.6182 53.5956
81.8107 92.989
66.2893 24.3228
94.1429 59.6723
12.6034 24.6974
88.6726 19.6178
16.2958 83.5997
60.2405 62.3243
83.8679 67.1648
39.1555 87.1284
66.7348 11.5607
0.00402248 67.6065
62.8753 45.4547
57.4346 3.22694
35.1393 85.5082
37.0837 66.1425
57.643 5.99598
74.4468 27.9493
44.2624 17.642
9.18009 89.7245
99.242 59.4159
3.30036 69.0932
48.7212 56.934
89.5724 43.4503
68.8594 20.3158
48.172 27.2443
94.712 24.43
95.3262 47.6952
12.7088 96.1436
85.7156 21.741
0.700794 78.2475
5.03933 96.0055
64.1374 57.34
13.7093 12.9043
82.4627 50.1854
65.5888 50.5059
52.6454 11.8397
90.3056 66.8904
27.7586 38.6707
39.1493 83.1097
24.3001 12.3444
72.8307 64.8075
20.1217 84.8695
2.25564 10.5562
18.7979 36.0967
77.9658 71.9204
66.6364 58.0969
35.1173 15.7154
29.2091 16.911
22.3697 67.1351
40.4765 88.651
57.9362 34.1848
43.724 69.9639
83.4283 79.1982
84.9068 28.222
26.4662 16.9961
53.3532 7.31837
99.8736 75.0171
12.2221 16.46
42.5107 77.3202
21.3568 43.3928
3.30772 92.9321
10.6043 26.6287
48.2049 79.278
25.7524 21.3916
28.2464 38.0628
20.8123 92.8528
76.4064 61.6563
57.5853 35.6334
90.7848 19.7901
11.4107 79.1141
69.8163 1.82512
74.7969 11.4529
89.4964 65.4629
34.5891 38.2413
21.5049 33.1292
1.77851 91.4368
78.547 39.3451
72.9983 83.1551
87.7797 12.9609
34.3425 94.207
36.2191 35.2061
8.06552 57.1891
77.6393 84.4201
49.3295 81.7317
64.2734 43.5375
35.2314 34.9157
28.1545 91.9119
62.6152 74.458
15.754 77.6418
25.1955 61.2058
85.4603 31.4608
60.8444 12.5922
37.3662 13.3293
26.1863 12.6031
20.2817 75.0525
7.09501 45.8914
96.3244 23.4676
19.7518 68.3946
8.13265 85.4236
15.2563 12.0177
80.9124 94.4193
4.55203 6.02624
82.9722 14.1179
80.1168 22.7488
39.9215 59.9194
65.5206 5.37268
98.6364 81.2305
41.358 3.18384
10.8049 97.4467
86.7119 67.108
83.4369 23.8217
71.6939 58.9708
22.254 22.7762
0.157362 44.7814
40.9766 93.3005
2.24617 51.3499
37.6501 85.9511
79.3872 60.9468
33.1804 62.4005
65.3873 64.439
25.912 2.60003
98.7042 20.7749
64.2325 56.0325
37.6933 12.0691
44.9107 13.7716
58.58 54.26
48.3601 88.66
8.15947 36.2593
10.0809 29.9211
84.1668 91.3002
82.7927 97.0299
81.328 79.7872
83.9796 44.872
64.2095 69.3926
81.5759 46.8209
19.3634 40.1555
93.0652 46.7209
37.8445 51.7596
22.7756 89.9267
98.5847 13.6994
45.8481 68.9134
27.9015 40.9278
73.9932 3.12551
30.3932 19.2647
81.3189 27.4869
71.7761 40.8626
78.5073 72.2293
57.7059 63.2939
79.8596 0.0275349
62.7795 34.6431
47.1856 49.2207
52.962 31.8549
85.7925 13.8002
39.9142 38.6913
84.6436 5.61348
45.6879 76.5532
29.2495 96.1921
100 99.9092
74.1617 34.9783
79.6585 19.9
60.0734 54.2825
25.1693 20.1617
57.5624 51.3759
74.7701 60.802
98.9635 79.845
55.4778 14.6671
10.701 52.3785
24.63 57.1627
33.4365 67.8709
6.93666 84.4641
87.6262 33.2073
14.54 74.4075
66.1891 40.2784
58.5027 55.5453
49.4116 61.4501
92.483 61.3926
25.6384 3.96633
62.0714 34.3489
2.41668 17.1394
61.0723 42.3845
56.8438 73.0373
37.3973 36.5644
37.6277 8.66058
58.3115 41.8166
11.0807 32.5262
68.5165 56.3984
87.1871 53.186
97.4538 6.02413
47.5344 11.0132
99.2179 54.9515
69.8705 12.7237
47.4984 5.9347
44.5107 91.7977
43.9511 85.8511
99.7177 54.9302
12.4284 84.6325
19.0258 66.4346
65.6273 97.3193
45.7616 15.9347
13.9185 28.3333
97.2963 59.7956
85.2208 6.2886
92.5623 94.9394
46.6668 28.2231
46.0251 43.0824
86.6139 19.8631
38.4766 75.9196
81.4225 67.2739
72.1585 68.3365
31.3986 16.8483
68.8042 92.0936
16.5765 0.381843
17.6306 17.8152
19.8053 66.8274
67.4452 51.7482
32.3405 46.6967
32.0824 9.36438
87.0438 44.5121
14.7775 65.2046
94.1981 88.235
66.0927 20.3913
17.0347 1.60746
16.5414 10.9083
36.1192 56.1133
96.3839 24.5494
2.38609 3.00402
88.6172 88.6352
91.3223 54.7401
17.2576 48.7048
81.4419 93.6609
58.3064 54.8907
47.1753 75.3337
33.2312 17.2459
51.2964 38.0426
82.8165 96.7038
0.477785 30.139
45.4566 89.0453
84.3532 25.0356
73.3911 83.9556
42.2961 70.8479
40.5874 52.63
52.556 9.15335
40.3688 78.213
26.4789 30.7859
18.4968 75.6626
62.0673 64.5346
32.7313 15.4232
18.4355 45.5199
53.318 16.2428
92.577 40.9058
3.11874 16.7285
56.5061 98.5431
14.0259 33.357
30.9118 35.4326
16.2868 32.215
37.9582 64.1376
60.2311 3.76828
33.5103 7.82141
54.4029 49.1122
28.7871 25.2718
43.932 65.8614
32.5579 0.166435
97.2696 10.087
31.8377 95.5516
34.9269 16.5406
98.5489 11.6442
4.1885 96.0956
78.5281 22.039
10.1461 25.4563
43.7511 24.3011
28.2594 54.9228
88.2302 85.1649
67.0468 55.761
75.7833 90.1996
85.338 75.9697
23.395 99.829
26.1283 37.504
29.9503 74.5522
99.1835 76.6313
42.861 64.1665
46.3801 10.2468
18.188 86.3361
50.3358 93.0975
89.8036 29.1166
62.9141 97.54
54.4049 83.0669
5.48099 18.9622
97.5294 76.5209
86.9878 3.23388
51.8437 37.5437
96.9667 19.3147
22.8571 59.6947
89.6504 54.9478
8.47728 77.6984
77.109 70.8398
5.19357 88.3565
7.16365 99.4661
26.9917 49.9773
68.7318 74.8435
94.4647 68.9707
91.1773 17.1227
81.5332 28.2827
48.1877 91.0853
70.3183 39.9308
16.8436 90.2494
21.0064 54.8365
37.2777 26.3153
80.6702 23.5834
65.8912 33.5606
52.2131 45.2883
60.687 66.7104
2.17659 81.9205
37.7316 54.1796
96.97 74.6284
79.3286 75.8699
45.3228 40.675
24.4226 70.228
21.3819 66.1177
40.7049 27.6393
34.3149 30.1463
68.8401 95.4292
77.8182 90.2304
2.16561 97.424
5.3752 40.9958
16.3551 79.6038
1.15786 60.2006
92.1468 10.9927
54.5015 7.30384
55.6517 38.3381
48.143 39.0933
40.8673 55.9109
94.1078 69.903
58.9636 1.11431
28.2762 38.7383
74.5794 56.569
55.4309 26.8586
11.7163 16.162
35.4305 80.831
26.5734 19.1671
41.4449 64.8154
52.9665 7.28548
46.9946 37.8955
9.88572 49.3255
13.2815 21.6245
43.8291 35.3126
99.3806 89.2149
34.994 43.915
80.1629 98.2168
30.1218 57.6638
55.1921 14.3244
50.6545 49.9835
72.9641 8.25976
21.7063 17.2927
38.5219 37.4622
26.4364 16.4685
85.6503 24.5427
89.3365 79.1156
96.4196 25.0746
28.4081 54.9814
71.8898 51.529
48.6485 35.1869
85.8476 41.221
2.04031 91.5687
95.9515 56.8632
99.7882 40.0523
58.766 80.6355
40.8225 4.34072
54.5435 13.0099
57.4699 96.922
68.1336 20.7209
56.3862 83.0683
29.2872 30.6062
97.7984 98.4922
58.3705 33.2869
52.1573 8.23947
80.774 68.1656
59.4764 20.4153
20.0402 16.3937
28.0788 19.7465
79.3055 87.1827
78.92 9.07455
16.0008 24.7026
76.144 51.707
39.1793 86.7991
33.2695 59.6703
78.021 98.6729
95.4354 82.2799
77.7038 68.6431
84.1948 62.7998
76.8394 39.6655
58.5257 42.0051
80.1599 47.7759
69.0773 81.3622
55.0919 29.4793
58.6986 47.432
89.8639 42.9241
25.9919 46.4033
0.00391537 65.8065
9.18404 56.2306
67.9043 66.7623
74.5264 65.2465
98.1988 27.9692
78.2769 0.518158
8.68126 5.91972
92.6769 21.4659
78.1356 25.3661
28.6591 73.8162
29.5857 47.319
90.9973 92.3061
89.1786 25.0655
75.2406 68.391
46.8107 47.3922
20.8753 50.639
89.7771 83.5066
95.8706 97.3102
91.8436 14.8704
26.289 39.6488
77.1451 77.0618
77.5716 45.4478
41.8673 63.6321
64.7096 74.2002
82.9492 27.2135
78.0221 18.0408
11.9997 78.7707
99.1853 7.7255
42.4933 84.1116
63.3542 94.481
43.0353 94.5963
79.8559 37.7179
24.6792 82.8705
4.16034 22.8601
9.40002 86.1429
4.34911 95.4651
82.4232 86.9014
51.1974 75.0104
99.8299 41.7458
21.1603 40.3707
10.8905 36.2057
9.68765 20.3926
38.709 82.3579
89.9207 96.5837
81.7065 41.6839
81.7441 72.4963
45.8524 41.51
59.2706 60.336
66.7519 98.743
73.9097 0.420215
62.5461 13.0178
89.6096 67.7832
32.833 23.6833
45.146 68.0744
25.8829 14.5993
70.3849 59.878
69.0966 7.37121
87.9646 20.2964
21.6739 73.2599
78.5623 95.8215
71.546 74.0477
19.5229 21.5447
2.04581 83.916
76.0827 21.8624
42.0198 27.0701
67.6851 83.5845
5.04922 62.2814
63.3692 45.7732
10.9521 72.5235
1.75173 41.2836
53.8175 10.2257
64.0354 43.5772
2.78005 24.2478
32.99 63.1842
37.5769 54.464
76.8851 7.89411
76.2721 4.82647
18.4594 47.033
83.848 33.8452
36.835 85.3798
78.6713 27.8563
81.5297 70.3332
89.7892 87.0376
41.2815 18.1981
55.4443 53.0931
35.0968 72.5291
97.199 23.5327
14.0848 23.7746
80.156 82.23
40.1016 86.7888
60.237 3.86598
75.5131 48.7712
97.8602 35.5253
72.9884 16.5043
87.8878 31.0328
67.7584 15.0371
28.7851 90.6707
2.21688 59.1714
94.4596 82.9331
56.8109 21.1342
3.03791 58.2117
64.1647 15.5058
6.82637 30.7525
57.4306 36.8609
21.0034 3.4971
75.695 6.52273
27.5348 77.0594
37.4207 30.2871
35.4434 96.7253
62.2282 69.7825
34.6591 15.4431
51.6009 56.5461
69.6418 68.8987
80.7667 45.8841
73.6132 16.1797
32.784 1.24615
44.0638 80.5494
93.3097 56.3489
56.706 57.5652
98.7787 72.8453
11.1175 51.0826
44.4486 47.4775
54.4986 58.5182
14.8493 72.5622
52.5456 34.5189
58.7793 3.2957
90.8952 75.7572
50.7967 40.9143
46.321 16.2533
69.3285 3.46696
69.2757 17.1729
25.0726 94.7031
74.343 82.0092
28.8709 33.2639
65.555 83.5034
42.4314 44.1389
43.1431 5.90458
38.3153 64.4286
51.8011 20.8885
73.7829 68.8851
51.332 36.702
50.2298 12.3723
41.559 81.3234
2.91272 54.0555
11.5948 73.2887
63.2031 54.9682
51.0782 70.6819
51.2091 72.0948
97.5647 70.5298
94.6474 38.22
63.0165 18.4357
48.8743 30.414
68.6839 70.0235
84.9437 49.026
80.051 17.9238
44.9827 23.4011
2.3474 52.7689
87.18 33.8934
45.8718 67.4611
18.7636 59.6737
35.7162 82.0933
42.3101 5.18739
84.5013 13.8688
92.4011 85.6061
82.0136 2.22511
97.4908 27.5584
73.5949 9.91747
82.9046 78.2175
1.23637 79.7382
60.5344 1.72278
54.719 62.6824
2.90541 31.1988
57.7041 32.062
65.1622 81.4288
73.563 73.7055
68.6567 12.9753
75.4228 31.6178
0.321914 10.4098
56.9399 88.3811
21.1794 61.6127
24.0964 87.8211
8.8676 37.6962
59.367 80.3795
38.9757 64.7873
79.7826 6.30678
98.0936 59.1894
96.1583 33.1282
86.3762 25.0697
47.2729 15.8855
87.0751 71.4764
3.97496 7.19813
79.0158 18.5877
4.13065 23.7858
68.2644 19.2756
65.1416 34.4397
27.3417 31.7012
2.27274 98.0141
22.8337 66.2178
22.1213 92.8902
6.17473 78.6237
28.849 65.124
38.4612 18.1159
74.0659 25.7187
53.3529 2.42924
28.2173 48.3723
93.4847 96.7667
58.707 88.5485
34.5682 86.9281
0.655631 19.1843
31.1967 22.577
51.0074 81.7946
22.0417 54.3713
19.1895 18.3057
64.4666 89.3645
49.4929 27.9475
13.907 35.1769
18.3774 69.3228
8.23492 4.31582
36.0519 24.4023
29.6815 57.0678
38.4147 35.1096
86.668 28.9279
91.8743 32.0744
74.7109 66.245
79.3832 93.3927
51.6082 79.5014
80.9086 30.7525
57.7993 32.2907
10.014 5.91831
69.0319 19.5004
43.3362 51.5876
32.2814 54.3225
98.3912 61.2364
0.696027 98.1289
52.7021 64.3222
62.7369 19.1306
28.5189 17.1681
44.3561 92.8788
14.413 39.7386
87.2446 19.5916
75.6102 80.1325
86.8794 82.4259
32.8171 57.0929
60.3147 8.42391
80.5742 10.9146
41.7251 74.4114
32.3595 65.9696
50.3808 50.6807
89.8505 17.5787
45.3041 26.8008
40.8904 45.4629
95.4362 95.8915
48.225 17.4194
68.5043 51.5791
90.6563 59.662
40.0413 74.3142
98.0445 34.589
38.0316 96.2922
82.9065 9.95498
13.2749 10.4408
78.5494 79.4239
78.0114 38.0101
35.1053 13.9837
24.3357 9.68658
2.43423 12.1003
70.3856 71.3279
8.8807 57.9576
93.1076 58.7647
58.9635 99.5334
57.643 6.46321
27.2528 37.5871
25.6752 23.8461
81.0435 98.2881
27.4655 13.4113
4.46624 64.1672
57.8786 65.5651
53.5274 35.1099
91.961 87.9341
7.75374 17.1586
85.1936 48.3427
95.6571 9.60075
59.7675 12.307
43.3636 12.045
39.6628 13.4091
66.1178 42.1591
67.3604 25.7837
47.3408 56.9928
78.046 18.7079
23.2948 15.4378
63.3641 60.0612
48.5577 9.71637
3.10194 34.3297
78.4966 91.7023
41.3157 93.1294
26.5916 24.5458
40.708 80.0032
14.194 58.6755
59.2778 81.1845
68.0462 51.6441
82.3268 65.8865
55.1341 38.3457
75.4757 19.445
12.7778 55.9622
57.2303 70.1768
60.756 26.3983
77.0103 11.7474
38.3296 5.11765
12.3225 4.7252
16.48 79.3975
34.5646 28.0112
84.1865 22.3189
13.0036 50.8137
26.2527 29.9237
28.4531 11.0282
51.0689 14.6664
98.0176 82.239
90.6449 68.7589
30.8516 22.6136
66.4316 16.3039
19.8709 69.9001
11.0733 8.23489
3.74919 12.716
18.577 23.412
84.7198 85.7696
29.0794 36.8625
47.8682 20.1087
66.524 68.9656
4.35392 76.3624
22.7704 1.31423
88.286 23.5599
71.4594 18.4213
6.30616 87.6697
64.0094 5.4297
57.0175 93.6927
93.3295 88.5486
35.9691 32.1922
54.0083 17.558
96.5322 16.2713
71.9937 98.5789
16.0983 64.3997
66.0614 93.8363
7.26351 77.7723
19.1256 44.2821
49.6468 13.1522
49.7789 34.0833
38.2243 36.6313
62.871 72.5349
93.5549 77.319
0.130101 86.6038
50.5529 42.0443
39.303 65.5235
53.7968 62.3929
38.0405 47.3192
93.9119 76.9784
76.6006 26.3746
77.7598 8.79195
66.2258 56.6128
90.8568 30.2735
5.95074 14.1636
47.3655 71.9641
0.95646 75.2224
62.3197 6.45333
61.1334 69.111
49.3485 99.6059
76.7691 58.1827
77.2596 2.47698
30.6745 46.6351
96.1826 41.4182
15.477 21.3207
36.6802 83.5104
59.3871 18.5374
57.9569 81.746
5.35769 46.7173
77.1369 39.4445
43.4124 32.5834
29.6776 91.0829
30.169 51.0776
61.5407 15.0726
25.0785 94.2106
98.3965 50.3177
90.1082 49.0272
0.233687 27.5718
99.9875 90.3613
2.49924 4.71862
5.83627 90.2252
15.4432 53.5012
93.921 30.614
29.1507 36.6519
9.17451 96.046
44.533 65.9514
44.6813 58.3682
94.8445 51.6958
50.4574 37.191
68.7722 53.8491
41.9649 4.43746
80.3778 10.0432
95.8921 58.0275
68.4991 64.1703
10.8694 81.6211
6.04292 63.4231
52.372 16.7929
37.4412 74.3836
65.2982 67.0025
11.5234 73.9727
59.933 93.1529
21.4022 6.114
57.9126 36.2883
96.8059 17.5809
81.3962 26.4646
90.3943 56.4113
4.82823 48.0752
99.1771 69.9477
11.8094 81.3381
48.8368 0.203477
19.8314 7.05907
41.7207 0.000626547
10.5312 97.2477
42.5215 59.6175
91.5947 31.4811
3.23558 80.363
61.2437 22.7608
40.3955 26.6703
46.9697 20.2319
37.9761 64.5802
98.6112 58.6794
24.0997 42.9148
69.1272 21.3618
26.9706 95.3473
2.16787 35.3631
47.957 13.3557
68.7346 22.0639
27.7095 13.6822
56.7483 68.2496
71.7839 71.9747
78.4569 25.9499
39.906 99.7153
15.5245 19.6651
11.8353 15.6116
83.3942 6.1241
27.6767 61.9122
58.5313 35.1874
95.3731 35.863
49.278 14.6443
26.9562 52.0889
57.7906 86.2992
30.4216 95.3591
1.20105 86.0072
22.4663 90.7256
25.6259 95.0273
24.0489 90.1833
11.5747 36.7556
51.4668 1.67438
41.2705 32.7499
28.093 58.3021
82.6259 93.0085
93.5912 87.2381
10.9592 91.6494
51.5788 85.4533
13.3405 13.6231
63.7065 14.3851
70.522 62.7707
87.0284 86.6559
26.1178 61.0937
2.43665 52.7873
95.8849 36.7164
93.3215 54.9947
96.2295 29.6111
72.9671 57.7584
45.6012 18.7135
17.1463 77.1319
55.7062 54.8482
33.4386 2.59106
48.0262 76.3549
97.2064 48.5026
83.1783 78.4384
13.7325 2.92358
36.597 85.8116
36.263 73.0151
64.7369 33.2442
34.6061 23.9789
13.5349 81.2004
34.635 10.1678
90.8562 19.4652
52.2653 23.2136
51.5333 20.4093
18.3201 6.60737
50.1457 98.1169
50.2441 52.742
35.3386 36.4629
32.6845 27.6647
61.2926 45.1776
99.4794 49.6214
87.0526 93.2875
82.3612 44.5769
3.88094 27.0346
70.7452 15.0233
95.87 86.6342
61.1468 93.6504
81.6441 91.8602
94.919 3.50082
38.2113 17.2206
27.2879 28.4482
28.8365 54.3716
23.1332 0.197179
13.9884 3.166
10.9039 61.4815
19.6891 15.1077
15.8363 61.0731
54.9318 38.2257
59.4898 45.2888
68.9994 72.9952
30.5893 14.2256
89.8144 10.7314
63.0569 96.8442
60.0412 13.1947
62.8793 12.8038
92.7167 89.2666
2.98451 60.6931
68.4658 3.88291
60.0775 23.2868
80.6936 16.727
29.9106 6.83144
16.02 48.4787
81.2857 68.3257
49.272 14.1342
52.9119 90.7386
43.4714 23.0527
47.0712 24.8754
81.0747 21.9152
28.9502 65.2955
20.8676 22.5699
31.7195 9.13529
36.8418 0.790594
87.5103 86.1796
19.8351 69.123
49.5345 25.7662
51.9423 94.7171
10.765 28.1286
56.6859 19.909
11.3697 90.1877
85.0158 61.052
0.689164 82.7823
22.4729 1.9626
85.3626 89.0322
64.239 64.2054
0.385946 86.5903
23.5741 9.42017
24.8698 86.1275
44.9308 51.8629
59.49 48.5735
75.4091 0.548941
26.0497 16.6352
86.9849 55.3568
82.5785 97.5457
50.6497 69.0166
61.9307 68.9595
2.63147 27.1148
18.1557 42.0896
99.3945 23.4315
13.7646 42.1502
19.2009 10.224
34.1074 43.0754
68.028 46.1433
31.0742 63.2557
38.9645 75.7867
47.4292 42.26
64.3278 56.6197
6.97586 43.2824
46.5556 60.3059
61.5903 47.5158
97.2228 23.1401
15.1634 51.4811
43.1069 97.8818
99.0922 42.5526
81.7021 66.9812
53.5562 19.696
30.3432 78.2289
93.8371 19.4742
3.02937 14.5493
30.218 73.0906
33.2748 48.7891
98.8146 76.4767
44.4876 2.81228
65.9586 65.6879
16.7258 10.9731
24.8455 77.8219
52.7545 44.4013
52.7825 15.4141
65.1788 59.3987
14.3383 83.4945
91.2572 60.2232
70.7396 19.9563
6.3574 48.7855
37.9943 70.0175
84.4077 40.9071
25.2032 90.0591
23.6043 17.4854
76.6164 92.389
81.4099 55.8907
54.8848 48.6288
4.1205 53.2563
78.2447 59.3498
91.5521 15.827
3.73486 71.8541
51.0704 40.6977
5.85477 1.10114
6.84869 5.86726
11.0012 97.7116
38.3664 24.0794
1.91207 36.16
41.8684 82.0726
94.046 31.4604
54.39 33.3783
89.657 64.5655
53.0456 36.9621
22.5867 15.3205
91.3491 4.66009
22.1611 60.7855
22.6309 56.7751
18.3222 41.6742
18.3592 63.3235
78.0252 69.626
3.8689 24.5704
53.9349 83.1407
46.2822 64.586
96.4761 72.9512
90.851 33.4894
57.0475 96.5072
96.3741 59.1994
64.0747 2.68041
49.685 55.3802
74.905 29.02
38.7249 49.7498
44.2215 30.2191
92.7888 0.733731
31.8246 75.3316
98.3366 42.8637
9.40683 0.564456
86.8118 45.2756
47.3519 43.9123
34.5015 67.2995
1.99055 55.1991
31.2989 40.7436
78.2501 49.5659
53.9436 29.497
55.5356 86.3531
37.4031 33.3977
15.2191 86.6305
98.7988 11.0149
27.4053 1.44928
57.9989 87.0388
61.9807 9.34018
80.4005 90.962
97.8863 75.7851
20.8 84.9359
17.219 99.5458
66.4506 34.6509
77.2489 23.1068
55.5694 54.9373
31.4041 8.93411
55.5733 19.875
39.8937 92.974
13.3129 49.474
9.95039 36.2681
57.5281 75.5422
37.3159 68.0556
10.9921 44.3085
92.4886 55.2801
92.4063 72.093
66.649 69.9591
2.50363 78.4688
25.8753 85.8579
13.2313 79.0095
12.0215 46.146
75.0372 50.4731
0.740833 51.1728
60.8319 1.69739
28.0504 43.3937
18.6764 93.6867
92.7755 77.8927
43.229 49.4322
7.26531 8.03609
62.5986 94.5025
3.8419 70.7826
43.0565 50.9098
40.198 7.90307
26.8303 36.7183
24.7241 37.2159
87.0243 17.4004
48.2305 9.59763
7.41926 95.5034
26.045 38.9076
19.442 61.0995
98.7933 19.7273
57.4907 45.4107
16.9951 36.705
0.135434 76.2322
34.4565 9.75465
46.4788 69.2031
96.2945 22.0423
64.6646 17.6885
90.4255 81.1201
84.8352 24.6148
1.02676 56.7826
45.8099 26.4742
51.2551 44.6475
89.939 5.29167
37.1447 91.3758
52.7377 63.0692
3.37345 97.5788
6.48155 35.3456
54.1551 84.7888
44.9394 96.1115
45.6171 85.8274
1.85558 86.7784
84.7088 0.661062
10.468 35.3425
0.812916 62.6861
65.7449 74.4073
63.957 25.7012
59.8648 48.5276
4.19553 14.2902
75.3584 49.1754
90.3034 29.5524
87.2789 96.7996
11.1 57.1734
13.814 71.8894
45.0394 77.5146
87.2537 73.1582
70.6278 41.083
82.173 81.3283
84.2835 52.4389
40.1296 58.7103
44.1705 73.6285
73.9529 27.1432
95.9406 74.1339
68.6644 42.5502
41.3509 84.4531
3.63607 11.3458
89.0206 68.4561
41.2048 28.767
86.6202 24.9164
70.2068 66.1595
42.1433 1.90167
61.3166 48.2199
32.4932 12.5038
51.5464 40.4797
42.5387 48.2227
79.0702 33.3424
85.5004 5.00983
0.198728 40.0283
55.6947 60.9319
82.2004 42.8414
36.1125 42.6834
79.759 9.93327
48.4291 47.602
47.442 56.899
1.32136 8.14141
32.7089 38.0451
24.1366 63.6101
94.3368 19.3755
43.3632 5.96544
61.109 59.1948
86.6953 88.569
79.8644 81.5259
5.22875 79.5447
8.60441 14.2941
40.657 21.557
7.74862 31.0631
77.4475 60.8748
23.1509 97.0521
55.4465 88.5974
56.2727 76.0733
63.5225 22.1052
22.4336 41.6761
49.9441 10.3751
74.424 43.9634
92.6089 78.1586
11.8925 77.4786
82.7872 4.70612
95.8102 81.604
17.6983 56.1559
12.168 7.57743
53.9434 26.7695
14.6164 57.8984
97.8321 64.0155
7.94262 91.5817
14.4449 76.2175
86.9311 50.9753
41.3932 95.6157
13.6002 77.9604
79.8831 95.4016
15.0684 55.4308
26.2802 91.0738
76.9287 41.1858
9.33215 45.4895
42.57 73.3423
64.811 79.1614
66.4819 62.1247
29.5564 55.0068
98.5107 68.4372
23.6851 74.9331
0.89604 59.7392
37.0014 82.4905
18.5411 20.906
66.4836 90.0852
61.4584 30.5808
71.972 32.6696
77.2741 46.529
12.9835 14.0787
20.8414 82.0126
85.472 27.7015
78.8057 87.1225
68.3691 78.8704
74.512 23.4234
77.8519 56.9214
77.1757 92.033
98.2625 97.8456
91.2228 81.4702
69.6904 86.4248
41.8868 91.0694
3.22859 62.9886
49.5736 83.0622
26.772 56.5806
50.3646 78.0092
0.157827 52.5929
28.8429 62.9726
80.9428 6.32955
80.814 41.1825
54.2611 66.6895
50.1598 35.8241
94.8683 50.9509
32.3355 62.658
92.4671 94.9752
47.7922 43.1935
52.9306 4.82018
12.7549 71.3588
27.2454 13.4334
75.973 78.8174
84.6757 45.2174
68.4132 21.142
34.0302 45.6332
57.1238 80.3589
91.9091 16.3418
57.2856 99.2865
8.73677 38.9043
65.0166 34.1669
43.8223 20.8449
40.845 81.333
64.0295 43.5774
4.99961 28.3645
22.6594 36.3617
30.3654 51.2893
18.7383 33.9278
24.7328 83.7318
79.6486 53.5161
45.6202 38.4958
98.5547 8.35465
16.6366 11.062
18.2083 26.7917
88.8116 55.7788
75.0574 89.988
28.3745 90.0944
16.3399 23.9468
74.6166 81.1853
81.0724 83.1387
11.825 43.1661
92.924 74.0154
76.5349 21.8798
33.7156 58.8182
58.0881 86.7864
19.4781 68.2191
58.5556 44.7492
99.3644 17.9788
69.3316 56.9453
80.1359 43.9
27.289 46.513
44.3591 42.5763
79.3677 33.5346
15.5823 91.5491
66.4434 13.4455
77.8315 14.603
32.7063 95.285
54.2773 38.3717
13.4761 92.2971
37.9528 73.0003
15.8419 55.3519
98.5891 86.6185
96.574 19.2608
17.0457 86.5555
38.6281 22.5192
80.8468 91.8075
8.49971 54.6931
26.0563 28.0889
90.3183 79.6292
27.3772 29.2202
4.63033 21.9872
38.5907 93.2158
77.224 3.4999
22.827 53.3905
33.9061 59.8839
68.2779 46.299
47.5311 55.8232
21.0435 77.3404
60.8702 44.7189
91.1083 56.7101
26.3003 29.403
76.5875 5.90107
79.3451 53.5025
16.8194 83.8745
79.2024 55.2079
79.5577 26.8333
87.6711 88.34
30.1055 82.8432
45.2228 60.1171
88.867 88.272
86.824 50.6748
90.8329 27.7907
77.8888 77.0617
76.3561 17.6293
96.3608 35.2666
25.9576 69.8386
76.9203 99.523
83.2903 60.2341
54.1271 13.4081
50.2671 38.6767
39.9013 21.6716
33.8549 98.9527
98.5848 13.9968
44.284 81.9157
56.6065 86.0828
94.4422 90.8209
27.2525 32.5281
99.649 0.565812
9.59824 17.5458
92.2475 3.77142
86.3133 66.9705
72.3907 69.8223
2.7845 99.1102
44.5487 30.3332
9.54877 86.1968
9.086 8.46605
88.8348 46.6669
29.8862 97.805
9.21341 49.7669
32.901 67.3037
72.9006 40.1748
17.7601 94.3989
62.528 7.3777
96.9843 15.3777
52.691 77.8675
19.626 53.4952
93.641 23.7807
82.5969 6.64659
9.28483 50.0956
57.161 4.44766
51.9037 44.8232
44.3754 17.7788
8.38111 61.2816
59.4962 52.3019
37.7918 66.8077
37.3031 53.7696
6.35275 70.5868
51.8765 88.3197
89.8846 90.501
50.7012 34.3673
11.0128 91.5872
5.60806 54.6813
28.8451 99.4419
20.728 76.0099
98.6988 29.9554
60.2776 85.1921
23.9675 21.216
76.8248 93.9316
8.74606 94.9778
91.5878 15.5022
44.7531 65.0934
24.9387 45.0696
84.2133 72.5026
50.7305 26.7938
23.9512 47.2938
67.3935 83.2153
99.9937 94.9451
41.9622 58.6391
47.5492 58.8188
67.0501 10.7076
63.1325 68.4852
30.3192 74.9134
70.1545 85.9661
31.646 73.7805
28.3648 27.5877
65.7068 35.0368
63.2773 2.26766
12.5274 48.7276
64.844 32.5953
29.6327 36.8784
14.9853 57.4331
78.4127 81.4282
63.2737 40.9754
74.3396 25.6468
46.3358 65.9755
50.765 6.9665
85.9551 47.6308
30.9981 84.9083
53.9558 35.8674
22.856 40.852
99.2717 59.5741
62.4197 87.2976
10.972 6.22184
70.5012 14.3298
40.5474 79.8643
80.1343 17.81
32.9185 60.611
88.2793 9.71363
57.0242 5.60196
52.1621 89.0506
74.2054 70.9199
51.4136 8.5252
83.1187 75.5784
45.7128 94.785
50.8025 37.8838
12.6698 41.7558
90.328 42.8152
95.4902 4.67227
26.801 45.101
12.7929 11.0995
49.6625 76.9987
17.4617 78.5078
80.7968 52.1226
24.4401 64.159
20.3223 57.4007
34.3845 0.391206
74.9962 61.2752
51.5792 90.895
71.5646 86.0036
63.1432 47.4453
12.8442 72.8923
1.66606 1.4469
18.0883 10.0882
52.6402 22.9924
33.8733 8.59129
93.866 5.16147
48.7784 18.513
48.3748 35.7565
58.6681 34.1732
49.641 16.9709
29.2853 98.0367
3.29309 46.9439
85.8465 22.4284
53.5034 32.0691
85.2547 76.1727
34.99 76.5198
68.8079 54.1058
56.2408 39.1523
31.9509 99.0208
42.9181 24.8439
52.0293 56.8199
71.5015 25.4077
27.7065 63.2843
19.1615 47.7774
94.2594 17.3494
90.7766 82.1438
90.5617 70.5099
60.6211 58.0371
30.1074 14.2653
56.2884 39.9252
23.2817 95.4534
86.0612 30.1044
64.7846 34.9305
76.3967 99.5526
81.1484 60.3974
99.9273 78.3851
19.2638 67.5007
84.3681 75.0192
48.1897 24.6729
77.8899 95.7315
59.7498 14.1254
6.25046 51.5115
53.0966 94.7706
8.70239 61.0991
93.1936 4.43993
21.8826 81.2413
22.0367 71.4071
39.7125 48.5273
97.8781 36.9876
50.7424 26.7889
40.5894 85.6972
12.8647 17.2002
83.0412 73.0678
50.937 98.9939
89.812 70.9069
33.0219 99.1622
18.845 27.1071
89.0597 26.2741
89.6049 89.5055
18.1835 10.3718
18.2565 36.7192
39.8931 83.7568
1.25978 73.0861
57.69 96.2926
89.2944 71.0977
38.3388 60.6785
23.1686 93.9118
75.8272 27.392
76.8317 10.3254
38.7313 57.3295
36.3497 29.857
5.77216 12.6258
1.00799 41.2172
36.9617 15.399
11.0159 43.4212
80.3789 28.7302
68.6688 16.8553
87.4191 52.5031
19.7186 10.0512
31.3274 19.4513
18.5997 4.70327
47.9128 70.3405
13.1265 17.3485
76.675 77.3571
40.8922 74.7022
20.6127 37.3752
65.1179 35.8184
0.0244103 10.2653
29.2385 11.0343
52.7005 38.0757
37.6106 21.1221
99.4365 28.9607
42.8288 24.0539
73.6985 51.312
1.14875 7.02451
60.8648 54.7478
45.8496 93.4867
30.2487 90.5185
43.6774 85.6975
18.4465 29.9507
80.757 82.3419
20.5308 60.6856
42.0323 37.223
7.21855 22.1356
32.5266 74.8637
33.5445 83.1034
18.443 71.6833
81.9242 0.718171
70.2986 8.60302
90.8901 90.0553
59.4015 60.3941
43.9163 1.89675
78.6545 46.1016
29.0801 49.8104
63.9849 93.5537
57.3023 79.0831
50.4318 6.97546
36.5579 29.288
44.2131 89.3969
93.9054 67.4899
2.40582 34.5987
0.00922056 54.9707
92.8968 16.5453
77.1272 77.3447
32.7444 35.1501
68.1452 16.0616
47.5018 62.9866
15.525 27.9149
65.8178 99.1817
46.4982 96.069
32.555 51.6422
49.8293 81.5288
55.1547 85.4029
66.0758 35.2156
69.4179 5.99838
14.7644 44.8649
45.0797 53.7966
59.6036 57.9728
49.5824 31.0049
98.735 39.5466
59.6734 30.3747
7.55291 41.6777
76.4724 70.8618
74.2241 84.4506
60.4369 62.2166
74.3236 57.3229
25.8844 39.7462
14.452 95.3387
57.8355 41.7817
25.7261 79.3528
81.8957 20.5415
40.3062 26.3467
8.29112 48.8013
3.17125 99.1243
81.737 54.002
11.1248 74.6899
12.8132 51.2547
37.0872 24.4357
90.5504 81.1173
38.2244 38.1637
17.9699 20.057
97.2507 93.1441
72.3388 97.9397
72.2644 48.2806
52.172 55.2303
55.5224 65.4077
7.25978 15.1073
9.20974 88.0278
83.9055 99.159
65.4699 52.5457
36.3229 78.2394
70.3225 9.75062
78.6054 20.8892
84.6983 24.6382
94.0749 16.041
0.695826 94.7495
54.6852 93.944
17.6099 70.2375
81.9422 3.30282
10.5714 72.6908
14.0206 43.5416
3.25512 8.75512
47.3728 95.3985
62.3359 80.1219
8.7403 98.2149
97.8365 37.9801
32.117 90.8002
79.2467 99.5481
4.51333 55.5297
88.1729 22.1584
15.7518 41.0441
28.1906 99.5981
45.7134 5.30516
63.8973 22.5579
30.1772 87.4764
15.2663 80.1883
25.4427 14.901
40.9918 48.5936
12.2803 94.7178
21.4934 40.1285
40.4616 37.5099
28.6987 39.4403
73.7757 48.8059
80.2023 59.8041
27.1207 17.9254
72.659 80.4813
49.4483 77.2304
11.9616 39.264
9.74813 36.7594
14.6436 14.1616
14.1128 94.2099
85.0635 62.5418
40.8813 92.6625
77.968 8.70202
54.7793 76.4297
53.1423 61.9011
71.6971 12.4938
82.8795 56.4537
16.6796 33.3646
59.06 22.0219
22.2719 23.6101
15.4269 79.9586
64.0725 66.7558
64.9298 75.8303
79.0695 20.8468
72.2678 5.55241
19.3981 23.8571
65.4578 49.4976
6.79349 78.1999
5.43483 43.2665
79.5794 90.6617
50.5974 90.7555
28.1133 99.7924
10.3973 46.7134
12.3925 79.9383
22.824 3.50208
59.4294 29.3181
48.8769 74.8209
14.0938 74.6216
65.7923 70.3311
54.4743 49.0762
23.3862 51.2078
49.839 43.5566
55.6751 31.2672
8.02694 8.77835
37.6606 61.2789
15.2248 82.4957
5.16574 20.6065
32.8713 67.3403
89.0722 36.5429
75.8976 11.0153
33.6829 7.90915
29.0278 70.3097
94.5818 36.5035
14.8872 8.35137
61.5335 92.957
27.8163 8.80791
34.5231 29.8357
48.028 7.17595
6.16992 97.8219
93.2629 69.096
96.9042 69.3267
73.7385 22.9875
50.3565 42.5465
78.3517 57.8737
83.0345 61.2439
25.8663 34.5898
50.8621 39.3421
22.2717 20.9813
31.8839 72.1309
3.4932 10.2408
16.5392 73.5437
48.4111 45.1841
8.92409 87.2046
47.4387 2.59729
52.6859 91.7344
80.4986 39.1218
19.6141 53.9494
27.2718 57.1228
63.6433 53.5012
94.4947 72.3338
15.0209 55.7066
61.013 45.7543
92.9034 26.7351
37.1078 71.3575
5.54679 24.9158
60.2173 71.3267
87.51 80.8733
37.2148 68.7145
84.745 9.5792
97.614 98.4673
40.487 65.1654
34.9025 5.50051
47.0694 95.6831
45.1249 14.0634
63.9581 43.4999
3.10264 46.1514
66.3256 33.5415
32.34 38.0416
64.4425 85.4386
65.8629 57.2242
67.8133 38.5636
37.7078 54.3398
89.2191 5.44383
94.4688 37.0312
83.2443 87.6861
40.6754 32.0095
82.9598 5.18127
81.5556 5.26487
86.6746 39.3658
21.6028 78.7759
86.7225 44.7321
12.4615 39.9721
11.628 31.0842
32.3632 28.568
42.2255 84.2897
57.0657 3.05042
68.4601 8.45912
72.4418 29.8354
43.0951 98.9081
48.1353 10.6438
90.0731 59.1209
44.6826 80.8957
13.2139 86.0552
28.9971 54.4071
20.8941 67.0724
86.166 91.212
0.409497 82.423
83.9774 8.67977
80.862 48.1407
99.9059 18.0082
64.5021 87.0322
51.0685 8.42173
44.0165 84.7524
33.7046 73.7802
23.3168 85.7143
0.274035 5.7017
28.4092 73.5925
68.75 80.9852
18.6622 55.6774
70.7927 13.3184
42.337 58.4218
95.658 24.8035
71.921 75.6453
71.2449 12.4036
67.8823 97.5761
60.8303 75.4274
8.31074 78.5693
13.6436 7.17763
34.3707 67.934
65.9203 23.1164
17.0908 44.9628
89.6041 76.2218
59.0957 21.4584
51.3876 70.8872
0.466171 34.9297
64.1758 3.29645
3.43775 78.2165
83.8861 73.6157
59.0956 20.2453
63.0304 52.0622
9.69572 56.0079
25.502 11.3809
79.4066 87.2735
6.48723 30.7937
49.558 20.6167
4.35328 65.5088
6.16576 27.8534
32.2831 81.9551
18.8598 76.9475
56.7168 39.414
31.9013 64.7486
30.3928 10.9507
48.7266 47.9531
47.741 82.2263
78.1637 96.7335
99.7172 46.7219
55.5962 5.77062
86.7674 0.155961
21.2326 56.9258
52.4466 69.8642
8.00924 11.3544
33.4053 43.3406
25.9913 35.7258
42.9995 93.4654
72.8091 1.88861
41.8863 83.7924
99.3932 1.16003
96.6809 16.0849
38.5205 14.4965
41.9509 68.211
22.7032 72.3613
75.5002 31.3938
35.7945 97.7013
65.5742 6.48518
96.4876 66.8174
0.247359 57.365
33.6003 20.4684
12.4827 96.6832
54.0897 86.0197
33.941 46.9915
85.9159 88.512
21.0176 42.5653
94.7406 4.49716
83.7896 51.477
74.2059 78.6563
76.5172 24.3862
58.7741 15.9926
86.8685 98.3881
8.57514 22.3809
56.5975 33.5594
33.4118 52.0599
70.0215 51.4985
35.4422 76.2672
22.45 17.4703
23.2142 61.8845
92.2878 81.9193
17.2719 88.0939
93.5367 71.4535
19.2166 72.765
61.2871 52.5321
7.75844 96.0594
70.251 7.83787
31.0971 49.228
74.9085 87.9009
50.1202 70.8308
52.624 51.2531
10.3312 36.1994
2.63544 93.9113
66.8699 82.3934
86.5404 85.2494
86.6281 58.5407
93.7865 69.1885
51.0357 56.6063
82.8803 69.1793
97.1231 47.6185
24.1745 1.54994
49.9089 18.1561
49.4565 15.9145
74.7213 41.1338
35.9508 25.483
93.3212 49.4654
64.7822 94.4509
36.6489 57.7052
50.936 81.6921
99.2238 54.2212
95.1753 10.6304
65.7717 25.574
22.8301 5.70976
64.0198 81.4627
44.4098 95.2811
89.6917 49.0826
31.6757 73.8135
82.8795 56.107
89.5555 60.0488
40.8592 20.4333
22.3799 39.5336
41.7199 87.1278
57.1772 77.6138
54.7846 64.0654
47.525 52.4964
6.54927 73.6347
78.3684 38.5437
4.34669 54.869
82.7623 86.5346
87.0981 58.0732
36.6345 16.617
81.9874 61.984
65.3699 72.5796
45.0241 20.0458
9.71449 71.5108
82.0478 77.6135
50.4448 26.3619
64.3738 30.9982
87.1161 60.7659
92.1288 8.05822
34.4897 67.6582
30.8604 70.1563
16.8137 87.8379
92.1579 97.8598
29.6539 93.3398
61.3916 8.55888
49.0513 4.57679
22.166 44.4745
82.507 95.6064
55.9129 28.2973
92.7305 20.8136
14.2156 21.9529
61.9438 88.9854
77.0847 61.7798
32.7745 40.5418
86.5834 7.54502
9.09584 73.7261
14.4617 57.5293
94.3419 4.23678
7.60008 34.474
4.48946 54.35
61.1527 93.3427
9.98944 92.4544
80.2994 92.571
40.3267 71.542
6.05141 6.06574
46.945 3.83465
48.8806 36.776
93.5323 97.4732
31.9666 62.3359
79.1851 63.6671
52.2578 97.4157
65.7418 22.7024
59.5597 19.1401
87.7683 21.7737
50.3311 14.0332
55.6064 77.4702
41.6864 23.0775
63.0168 24.2405
10.4518 62.8815
49.4867 23.4835
86.9722 42.0178
94.0115 52.068
6.70357 66.892
53.4706 79.7661
29.3144 86.3881
24.5052 58.9593
28.5083 39.0619
12.6038 31.4406
21.6308 49.1634
89.2495 15.8515
15.4755 95.9656
93.7079 48.9481
70.5547 12.5183
95.881 71.3029
87.3345 30.1513
52.5619 7.76404
90.1918 54.1516
26.4111 91.4238
60.4527 28.418
21.7269 63.3888
76.2816 64.8992
60.8403 42.6879
54.9963 22.152
9.07294 88.9153
98.7254 77.2449
55.3304 38.3241
12.8471 21.2617
44.6581 69.0197
13.4986 71.4456
86.0994 72.834
21.483 64.1683
76.3707 63.051
97.7827 33.6416
14.3895 44.6995
64.7729 38.7117
26.7413 40.7172
34.3658 86.6047
64.6873 99.2897
62.5149 87.6618
31.4275 2.68344
0.617421 76.9979
3.22082 32.3485
81.3525 92.3425
1.17487 46.0236
17.9387 95.1619
86.6444 33.1978
54.616 31.2445
27.0354 83.4826
92.7735 43.5318
39.7239 39.8256
49.7261 46.757
44.1869 49.8195
16.189 87.8424
67.3662 23.3887
94.5581 37.6475
41.4362 18.7558
28.9952 22.96
88.9076 69.3273
84.0709 79.1754
0.502912 52.4506
37.6586 27.7915
91.3369 98.4431
32.9813 16.151
50.3048 72.8365
62.7217 63.0816
11.9345 82.3261
54.9101 73.3862
1.88128 18.6656
13.3946 22.5189
75.888 49.4649
56.9676 53.9695
64.7347 95.5485
82.8495 50.9446
25.1745 7.80138
17.714 19.7738
38.9474 88.3265
3.93202 85.4574
82.5772 75.8197
1.74979 8.64218
49.1645 7.10846
71.9302 31.2602
89.7016 15.267
91.9154 21.6644
13.9158 82.3494
47.0221 0.725077
86.3707 32.3852
97.863 84.2968
77.0228 22.1906
57.915 76.6262
55.7198 82.972
10.0412 62.0829
27.9365 29.0677
41.4654 9.68048
99.8321 78.0053
35.7327 59.8285
36.9517 46.8167
47.5979 78.0995
18.9423 62.6062
22.1076 61.7087
37.7583 4.13246
54.3321 60.2515
46.8481 76.6065
24.9673 25.0459
46.8383 11.2627
91.8861 29.2066
74.8262 4.22149
50.6361 41.1221
39.3853 48.7036
61.17 84.482
89.4008 59.3189
73.477 27.2493
78.2663 21.8562
37.746 96.5036
35.7354 4.41685
34.0383 81.4583
69.1295 59.6045
73.2186 85.1937
50.1725 49.192
70.1251 92.1683
73.2871 36.0214
11.0762 58.2337
32.9087 97.3169
4.94478 6.90816
5.48166 30.3003
56.3231 21.9512
33.4339 23.1307
58.017 91.0792
68.282 16.0179
12.4555 39.1544
68.1487 74.4448
93.0938 27.5691
53.7791 64.9526
57.5559 42.6097
41.5131 11.3973
54.6201 0.439822
92.0817 16.8178
56.1848 98.508
23.578 75.391
96.3474 10.0699
44.4878 6.7372
32.1593 1.75699
29.767 93.7427
32.8774 70.6969
3.40998 11.5488
1.26981 41.706
52.4894 88.5198
52.2517 94.5044
35.9042 41.6393
31.38 2.9052
27.7395 18.0017
54.5095 41.8039
98.3098 93.6027
79.9852 10.4518
63.9639 41.1628
23.6995 18.2855
23.7268 76.067
58.3384 93.6939
13.5849 21.4981
18.1034 64.5986
8.89545 5.82809
52.7034 86.045
59.0217 77.2629
57.8251 65.9123
87.4737 69.9156
71.3212 94.8427
20.8465 67.9579
67.6925 7.54717
45.2294 70.5402
68.6737 99.3233
27.4003 16.9041
7.88868 84.9853
48.0656 37.9813
51.8943 86.7909
93.8959 8.43145
7.32227 65.3936
69.9181 13.2979
97.7694 9.99214
37.9404 64.7703
95.143 69.0285
61.4491 74.9464
24.6707 40.7929
6.61573 90.5226
12.5001 89.5451
84.9683 61.6158
76.0126 43.7387
16.7724 93.3463
70.8363 46.1421
9.43737 13.8866
92.4907 91.632
59.1246 7.69351
4.78177 67.2234
24.1323 91.3022
16.7122 81.8037
74.7944 69.459
97.1865 13.9856
55.5762 69.0755
52.1988 5.83194
17.3672 90.712
96.8752 82.2479
40.5707 72.3975
84.2062 53.8658
22.0151 7.95681
30.0614 41.8488
52.6717 52.696
61.2966 12.4476
6.22979 4.04727
22.5315 87.5232
2.25544 7.16664
49.7818 83.4317
36.5937 30.4299
35.4128 83.0736
18.8084 12.4421
13.7158 22.1612
63.1389 76.0437
67.2954 34.4169
44.7825 59.3865
9.63959 12.6456
34.0552 66.0227
43.6451 42.4379
54.4203 42.1158
40.4996 77.3242
87.571 5.69564
26.5756 56.5083
34.5397 8.92869
64.4759 46.3286
45.0644 97.1684
9.22284 8.337
20.0266 86.7367
83.2235 37.172
49.8343 65.368
40.5564 31.8564
9.74897 50.9697
47.8055 66.7451
85.1574 39.6828
49.2581 81.4515
55.5478 91.1465
99.8592 33.4241
59.0861 60.2086
25.7233 32.1918
48.3381 18.4304
60.4762 24.2507
82.1302 62.6484
32.2739 26.9123
15.8154 8.83323
60.0084 60.6107
84.7324 96.788
16.6922 45.3622
2.05014 56.7474
53.5854 9.43025
94.2825 5.70476
79.9772 76.0786
52.2179 26.7045
21.9895 77.7562
47.769 52.9378
26.3551 49.9132
90.8466 59.279
2.5865 71.2816
29.9582 6.97752
71.174 20.925
86.5532 98.9304
23.3964 23.971
80.7433 53.2414
28.0122 1.64947
22.5855 95.159
36.8531 89.7896
93.5562 99.1052
61.871 65.1392
94.9251 6.20313
55.99 23.6217
9.50912 19.7979
42.655 2.05232
93.2668 35.2124
14.9847 47.5281
4.18798 87.3324
95.6667 70.7598
59.5934 85.9806
75.1501 48.4443
3.43587 46.7372
12.5946 77.8888
76.535 23.863
65.3912 29.2069
80.0315 90.0044
3.7359 89.3249
82.8749 78.4584
50.5443 97.4052
89.4403 23.564
40.7087 91.0783
53.318 15.7669
95.0794 0.102171
17.1907 24.4805
43.7876 38.2304
39.0511 32.1355
1.58377 18.5063
35.7714 9.52198
35.9739 13.6702
54.4593 97.8857
65.4606 96.1498
90.3948 65.965
73.0062 15.492
73.3932 18.9145
95.2882 8.70108
38.9967 17.3261
99.4495 48.0451
93.2861 59.3986
12.7065 57.8656
47.5476 31.6707
88.7706 66.966
97.5549 5.49204
4.69367 86.5487
24.2246 42.5935
68.9285 81.7741
76.8534 74.9951
41.9699 87.3171
39.2467 19.2842
9.05911 56.5183
2.49046 57.2471
52.4481 94.6996
16.8724 73.7233
67.869 73.6151
49.1773 22.4064
84.4056 4.75003
33.7757 69.0311
5.85983 86.1253
7.07152 50.9665
94.3044 74.4254
67.1748 7.381
52.4232 76.4538
58.5513 71.942
29.6289 72.7875
38.8844 29.8891
46.6173 97.2443
84.6009 87.9088
83.2867 99.4498
52.7417 29.1128
98.1525 48.6507
71.4848 44.9553
63.1449 75.4872
12.7391 6.76177
45.0887 6.45855
48.8529 70.9481
24.9207 42.0145
38.5195 96.5349
62.7271 53.9966
20.6504 71.5514
64.1675 63.9996
41.2693 12.4499
45.3781 69.2173
35.9137 1.34808
57.2537 62.9126
71.6566 32.632
45.1453 57.7647
51.1546 55.7084
90.5662 45.5961
34.1605 35.4983
19.473 83.141
50.7221 85.9732
51.3753 65.171
29.7048 49.0358
45.4582 16.4611
61.2251 10.4793
24.8032 67.5883
56.3258 68.1385
3.6906 27.9397
81.7705 16.9308
55.9201 49.8205
32.5821 6.89345
58.274 11.9551
28.8136 69.5592
81.0894 68.7918
83.2469 30.6998
72.3591 38.8602
24.0848 93.9181
81.2437 62.4756
27.1585 52.4123
93.7589 6.19379
99.1034 30.2743
20.7809 65.1183
43.8905 68.0991
41.5946 80.9845
7.16292 87.2053
59.8928 18.6796
47.4351 41.6894
73.0034 68.875
81.7119 31.3733
91.6424 33.9282
30.4992 0.774061
9.64996 86.9333
88.5207 67.6243
61.0279 95.878
22.2284 92.7877
82.539 32.7747
44.0786 28.5099
65.5901 73.0905
31.2407 62.118
16.9913 73.3074
78.2826 95.3198
39.0628 28.748
67.59 84.2894
52.6555 81.5068
84.861 59.1098
58.1035 46.3339
33.4538 58.6401
64.6106 11.1969
86.6525 67.9952
95.7101 99.5114
87.5826 99.9962
36.3192 16.4792
66.1749 1.47158
32.8193 94.7886
12.0712 81.4583
68.9346 84.3136
58.6461 64.8054
84.2683 97.1083
98.7141 88.4369
58.8066 62.1683
61.8745 24.766
41.8716 36.4713
73.7501 17.3733
93.862 38.6154
9.27337 57.5795
38.0331 22.4902
92.4986 23.2105
98.7264 95.4913
22.5297 56.5722
9.76467 14.799
26.1051 48.8379
18.6995 83.0862
29.117 69.5775
88.8128 76.7762
77.7892 3.50692
40.8134 51.3156
61.9409 39.9477
0.765485 65.5125
68.6429 80.8624
54.0096 40.0932
46.4394 6.23604
9.18359 48.5623
87.1794 24.6676
89.1271 59.9073
61.9881 33.6542
26.6274 25.8997
96.5818 50.5842
68.5156 41.6198
4.38173 43.6561
28.4097 81.6497
86.9029 76.6644
98.973 39.5484
89.275 45.7508
33.563 94.0716
61.9944 40.1922
11.076 54.4692
63.2326 51.1569
94.2313 45.867
86.113 1.83985
22.3943 80.38
46.1509 58.6315
18.742 96.7477
39.0969 0.97142
26.6625 16.3007
65.3211 51.5167
41.9776 16.8154
16.1044 67.1873
17.602 36.3354
88.7711 76.2849
19.5993 4.74918
19.4058 52.4983
38.9277 58.618
93.1469 20.0045
15.6846 10.9187
11.0441 17.7548
4.25871 76.053
23.0793 94.0899
68.7208 90.2625
41.5003 95.2494
57.141 68.212
38.6032 4.53164
63.2727 25.0018
5.714 35.1842
41.4166 88.044
55.0657 88.9048
23.068 3.6665
22.7975 57.1682
25.1405 35.596
61.1784 25.6549
81.1771 43.6812
50.4216 35.9544
85.9652 17.348
67.3953 13.0017
19.6616 53.2408
18.4993 17.468
84.3164 5.92362
58.276 44.8986
10.8252 39.0419
77.0897 45.9242
48.1499 55.6029
17.6118 1.22133
26.8917 69.2129
60.5786 44.907
51.5433 88.4727
60.7827 75.2962
3.07858 41.7731
79.8113 88.8306
76.2687 47.4819
27.9319 51.2768
8.46641 95.02
0.980828 84.7724
69.0043 55.1611
93.2119 12.2612
74.0894 20.8501
27.9705 99.452
89.1578 74.441
29.7167 47.7145
37.4405 62.0493
61.7441 33.0148
78.9155 32.8066
80.2553 50.8378
30.6084 34.9784
81.9085 37.0141
96.6036 16.1954
95.75 70.9278
82.8896 24.982
72.4868 85.0096
55.8108 12.052
58.0148 54.1489
80.9211 41.184
80.078 70.3912
65.4361 85.0142
34.1543 31.6189
18.411 33.6995
87.5211 66.431
6.0952 41.98
58.3178 47.8412
66.6504 93.3866
47.7187 7.4403
49.1802 71.3063
45.6597 2.36364
25.665 52.0072
84.7519 25.5918
21.709 62.8398
48.9875 33.7557
32.6091 61.96
62.427 10.0957
78.3293 80.4087
28.6662 92.1149
75.8686 24.0061
71.2014 82.2065
44.8636 23.2574
86.9819 5.28374
3.81 34.6943
7.10562 24.2316
61.0566 77.505
26.1729 88.7102
53.0074 95.7978
73.446 7.14711
21.4015 94.6092
97.364 96.4646
81.112 49.7419
11.3923 70.8788
59.2605 90.6947
6.2712 0.0212477
57.1102 50.889
90.807 92.7345
89.5526 10.6089
3.49771 86.0525
83.6316 95.6182
54.644 1.58273
0.874296 94.2885
6.29161 43.0917
42.361 61.3084
11.0699 51.14
9.27713 20.7696
74.1346 79.8616
33.6637 85.8854
75.1969 33.7226
76.2537 95.753
20.2065 10.5726
93.8932 63.0424
53.9199 32.3275
28.478 29.7045
43.9683 74.7404
62.0149 85.2647
43.693 48.7301
6.19929 91.4217
23.7157 90.0405
10.3445 59.6696
66.8692 70.4786
33.4118 51.7069
37.6673 73.6985
50.3212 48.4648
47.3907 95.7581
6.41552 25.6166
37.6382 85.9756
91.5935 11.5568
34.3345 60.3338
29.7378 3.92777
14.0989 60.4863
93.1735 67.4419
96.8016 44.9913
68.4112 87.1012
10.4207 40.2843
58.375 9.25977
28.9282 95.7836
35.1996 99.5693
61.9859 96.6183
63.5063 50.394
72.4275 89.4633
9.85405 17.087
80.7686 77.2044
74.6875 73.1186
4.74698 82.4536
96.8316 48.399
42.0201 32.6355
4.20625 94.5291
51.158 13.0639
65.2466 99.1998
51.6523 20.1976
61.87 49.6109
10.7996 9.68336
48.2632 60.1459
72.5875 78.5748
7.17023 10.0535
69.092 28.7405
40.9609 29.1848
9.66348 14.1023
17.5131 43.2668
85.6221 50.9879
53.4667 14.5224
77.6973 58.1801
33.5454 98.1613
97.1474 56.3232
24.7781 44.883
47.7731 22.4446
26.6054 56.3401
8.53325 18.3912
1.0162 79.2227
95.3951 6.2874
72.2521 41.2254
75.2951 85.2658
61.7672 22.098
1.13036 98.0363
96.3738 54.3854
55.1812 29.8467
33.9888 50.2525
93.1095 91.8765
69.0376 14.5305
14.6212 38.0913
99.7783 73.9493
66.5194 91.0799
79.7477 18.8775
74.2525 61.5977
72.1515 49.6527
13.4566 64.3793
23.0136 90.0451
88.0995 87.5948
5.7452 59.5392
75.9155 11.2231
25.9294 94.6606
60.1132 22.3859
40.5306 97.4146
47.1291 99.5347
78.9824 57.3964
60.7243 93.0368
68.8248 37.9635
52.8941 90.8251
97.0457 47.0614
61.2307 4.84727
67.9913 29.8817
22.0215 15.657
47.8716 77.8086
28.8671 69.2035
2.45153 2.82022
99.3716 37.7473
18.4112 36.3119
94.8347 87.4876
3.50923 79.6839
46.8942 51.3341
71.6929 42.5268
48.2073 20.4338
30.3652 47.5389
85.8302 47.8574
39.5896 81.6716
54.4065 9.73604
33.6479 19.6581
93.7189 34.1591
12.3111 12.4681
51.2529 7.97623
56.4789 40.994
86.0866 57.2082
97.5743 30.8154
14.8561 86.3396
9.44833 98.0114
76.8021 13.563
53.8583 96.2743
82.3912 48.2734
31.2343 54.4052
88.7207 28.3791
68.2469 26.3847
47.5732 63.104
88.2646 63.7152
61.2673 19.1147
61.2155 49.2443
49.0608 64.5431
75.633 63.8969
16.0135 38.2787
50.3059 92.026
80.2244 31.7711
76.1929 74.3155
20.939 22.0807
10.2806 85.5231
86.9061 31.2627
32.8907 93.3971
24.3254 36.5524
36.6387 86.7233
58.0322 47.7786
15.6567 41.6621
15.7275 31.6045
76.1888 4.92536
80.6018 74.173
26.4809 64.6428
50.9683 24.2865
82.538 15.6036
50.1714 30.433
87.2007 81.7716
34.7859 46.23
87.8025 96.993
62.0689 91.7617
39.5425 90.7786
16.3795 89.4622
90.4314 79.7581
95.0405 45.172
6.23443 82.1059
54.1229 43.8857
86.9412 21.0391
4.91444 97.0249
97.5068 96.9224
75.4183 56.0941
73.8201 94.6111
29.0318 37.8168
86.9272 85.7707
47.4651 45.4344
15.8911 80.9986
43.3181 47.8861
21.5663 65.3553
25.8869 81.8654
11.3665 36.5012
75.2505 35.2233
98.3792 59.3638
28.1424 90.0088
77.0643 19.4771
51.3807 55.0045
59.8985 13.6056
69.2675 78.6423
40.4535 2.69755
37.6828 35.5234
41.7933 20.0345
20.6341 97.4719
10.8268 65.6163
13.6493 3.79572
94.6729 66.7575
93.529 41.2157
12.0379 20.1589
10.3068 26.2111
29.8347 31.3054
50.384 4.27798
0.0850542 29.5067
19.0026 76.6728
39.0862 21.1082
64.6767 21.4676
5.58426 54.6967
87.6451 51.5589
50.8408 80.9773
85.8753 6.64113
17.5332 79.9901
93.7267 65.4911
8.47258 98.6982
21.5217 15.1571
44.8969 82.5853
11.2409 26.4056
98.6532 64.1272
85.1709 66.5231
53.6635 21.6705
16.8364 70.0324
34.8116 79.2849
41.9263 55.165
58.0886 94.756
64.4078 1.1187
1.98498 61.627
65.5039 23.5115
57.2728 84.4754
77.9118 64.0655
48.9807 18.525
49.1392 82.5592
73.0746 64.9524
54.6453 23.7063
31.8938 39.4132
18.4845 69.5184
96.1889 47.0296
25.8515 86.22
99.1554 4.44222
60.3351 52.702
62.1057 11.2353
31.7034 38.8015
37.4865 35.1145
69.8435 59.9252
62.9965 82.2164
11.8032 76.8936
50.7465 96.0577
42.0909 21.7224
87.5873 80.1883
25.1116 50.8526
78.8866 47.693
76.2261 32.7442
31.5062 24.151
6.2236 0.000390317
6.56085 68.1278
23.9416 86.4056
18.7751 53.4859
37.5018 92.2921
54.177 53.0547
89.7916 26.7447
98.2496 81.8003
16.8887 47.6721
24.5287 53.3895
17.34 33.8477
78.4924 21.5648
39.1197 84.9135
41.7043 24.3942
94.1679 80.2661
32.2608 8.07532
21.9522 50.6167
14.3446 89.5018
57.4438 58.7518
40.9115 98.9104
86.6403 63.4077
92.6978 71.9049
6.21397 38.1965
68.0212 32.5757
99.3842 49.9859
12.7651 43.6814
52.5723 82.5386
26.3078 54.4042
71.8322 82.9861
47.5222 5.26502
89.1516 71.0758
70.6873 41.5427
7.55312 45.3146
2.0825 0.655021
8.9404 61.3858
10.7707 23.8498
42.7576 26.3627
77.6732 53.1616
87.2401 44.9351
23.4953 85.4035
77.406 62.4715
59.2428 93.7944
1.89398 32.079
51.5706 46.2472
77.0103 12.8783
45.54 90.0867
87.2666 89.591
56.0824 77.3446
30.5162 86.3418
47.31 38.3691
68.6693 25.3062
21.9227 55.13
70.131 92.1142
63.4568 18.2279
56.7209 8.9623
29.3018 75.8838
78.9251 93.7293
7.63998 5.23063
11.1609 81.8072
33.1142 49.5949
41.3659 37.1736
77.1992 87.2443
14.5655 2.04262
30.3946 41.7647
39.3061 17.2276
45.0404 93.3935
64.2721 20.7964
25.8804 72.531
28.4661 30.1501
32.9075 76.9167
38.5462 46.0753
88.0478 19.2192
17.308 95.4546
4.66289 69.1193
87.5144 54.564
57.5666 21.7467
96.7922 86.0565
51.6247 56.4602
27.0016 16.3338
22.8028 46.0115
15.8039 16.0924
65.746 92.7805
62.0685 84.7556
86.9146 72.8942
32.7814 56.2312
78.1678 65.4177
75.3459 39.0295
69.154 71.0461
72.5866 63.7079
37.9879 62.1835
17.3014 84.0963
6.09051 63.2319
38.2473 22.6498
74.888 42.7204
2.28174 49.2164
80.2855 58.8005
59.21 42.8101
10.0709 61.7911
23.633 99.9662
31.3337 24.8522
90.6077 43.8194
72.6995 59.8336
24.0725 86.0129
19.363 33.7731
23.999 50.5806
8.66187 80.0774
61.5592 25.0422
84.4081 47.4804
3.79145 22.9692
43.8501 88.6881
80.437 5.16213
59.8856 96.942
3.44809 52.0237
61.9314 81.0505
15.3604 61.777
86.7445 14.1946
69.4415 2.65912
91.8657 87.1676
26.2559 82.5835
80.4606 1.4386
78.4815 39.0233
64.9028 21.9392
31.8923 14.6256
12.0019 16.342
59.4911 66.6352
38.3166 86.5115
98.8241 36.8657
0.995116 24.9221
66.5721 77.7911
34.9149 15.111
71.0341 70.7853
88.1481 5.87614
60.2618 20.6381
65.2686 70.0703
72.2804 16.2821
53.2665 50.5203
95.4499 27.0253
14.2609 82.7182
45.2553 6.57147
46.6183 14.1993
48.0652 31.2788
2.93249 86.3929
5.92292 46.5693
90.6751 76.3843
90.1746 63.8559
26.7733 78.813
9.75939 26.0479
87.5876 84.4842
26.2035 2.61391
31.944 83.6296
62.9235 55.534
60.3493 89.9482
59.1542 4.29072
14.2075 85.0063
0.573065 31.4971
71.2112 47.3828
63.0362 49.1428
43.8812 11.106
59.3334 16.024
14.8416 42.8065
48.0947 27.2006
60.6471 95.4365
0.857318 8.95157
48.9964 82.013
92.3913 20.26
9.47104 79.7042
87.8837 60.687
66.6572 7.71963
43.8043 18.9107
31.3624 8.04752
54.725 63.0485
56.6543 89.4111
32.8609 92.3912
19.6636 86.2916
2.57861 38.7436
63.8235 81.9672
22.9199 14.3129
56.5245 7.76374
85.1892 75.1974
43.4892 22.2595
15.6345 69.7061
50.8082 33.0618
70.019 9.20011
26.3124 31.7428
1.94703 23.659
36.3958 4.55168
0.0390649 56.5643
76.0465 12.7659
55.8122 36.1439
70.788 34.0122
43.6222 58.571
2.14124 87.8333
14.6941 63.1403
99.2959 66.064
37.8291 94.3244
10.8489 37.3822
82.2003 41.129
55.6444 16.2389
27.1102 40.4617
40.1591 54.24
11.8419 26.8454
90.5157 97.8869
84.4067 22.8274
59.7588 66.2043
95.9345 71.8902
59.0001 14.6211
36.0274 13.2636
20.8259 20.4796
0.359387 40.2102
13.2122 57.6267
31.1355 93.6348
20.1549 43.3592
38.8175 6.34808
92.2119 6.15848
5.50222 75.7335
52.8321 49.6174
20.1716 23.9651
81.5198 4.00953
88.1769 89.4119
46.2729 8.69879
0.504255 75.0227
5.79337 69.1012
84.1823 52.4325
33.1706 97.5286
64.0347 31.6006
10.5029 21.4233
60.6931 69.4808
64.334 62.0878
10.2089 80.6043
15.7334 31.5973
55.5852 20.7639
78.1473 21.5051
36.6291 25.4774
98.1369 86.886
92.8537 91.5465
21.5075 76.0811
94.3136 29.0056
96.336 19.2207
42.9088 68.7133
65.2323 59.5658
22.4247 91.9584
45.2107 56.122
43.2653 59.9884
25.2704 19.3549
97.7453 5.16458
1.15716 48.3139
12.5542 97.6294
56.6812 40.4237
0.439518 86.975
88.411 23.7121
29.2969 92.9556
4.52191 99.7353
50.8421 3.58301
19.6226 97.0538
82.5742 24.8786
35.4405 49.1605
41.3208 78.4369
88.4823 22.5577
27.146 42.891
69.325 44.9922
84.6916 12.0081
20.6119 24.2887
20.7823 88.1592
91.1388 70.1676
7.58301 47.7315
23.0075 86.5555
37.6193 67.2983
83.3207 71.8055
34.8028 30.8539
62.0053 22.4269
29.0116 97.7149
93.9594 76.4499
93.1972 65.6421
47.3859 14.8608
66.0684 11.2037
0.549618 37.4261
19.964 34.8813
49.1886 13.0348
76.6189 34.7038
66.769 87.1862
38.5531 61.2513
50.7532 9.38276
96.1094 11.2272
95.6326 96.5093
32.2337 52.1909
72.1004 91.7199
35.8901 4.47603
28.6321 19.2662
6.92682 19.1297
12.3903 44.0943
92.9081 6.68696
87.6902 8.64745
37.6995 15.1831
81.577 65.0125
65.7981 69.1664
79.4318 10.8875
86.5772 2.26548
75.9235 46.4925
98.7521 25.9283
77.2633 64.7639
87.3152 7.15232
9.12255 22.7539
24.0573 30.6033
49.4158 31.8859
6.26871 58.1713
85.0956 2.54959
50.9565 26.4859
49.0956 48.9326
10.1972 84.3815
0.309095 94.9592
79.4776 80.5875
33.4277 18.8874
40.4478 5.99023
77.8499 22.7992
85.5732 28.3887
29.5523 85.9672
51.0663 71.648
87.4113 22.025
74.3298 60.3617
99.788 37.1761
18.6289 95.6796
86.8991 12.381
87.0425 24.1134
74.6865 55.4929
68.4943 83.7074
70.8695 3.30363
24.0366 83.4553
32.9774 51.0935
29.2871 28.0352
87.635 82.1439
91.8022 19.2494
24.0646 54.083
73.7145 19.2963
12.8601 39.9828
91.762 44.2775
71.1405 57.5994
72.792 14.61
50.0659 57.0333
58.3257 80.56
71.308 72.8798
90.7908 20.9756
37.166 49.2036
65.6419 42.8842
54.3251 41.8871
95.6478 52.8347
92.1021 59.9007
51.8961 17.896
77.6811 86.224
66.4066 95.502
1.30823 87.4206
77.7001 5.6275
81.3861 55.4271
63.5722 57.7001
64.8452 52.8688
65.1191 56.905
2.287 37.6849
70.2889 45.802
94.4363 90.3851
2.81724 49.4284
42.506 98.6081
6.36009 93.9859
21.3359 92.9953
72.3797 84.81
2.08791 91.5356
38.8901 25.9476
1.96765 70.2873
18.7251 13.1506
22.6519 10.9558
34.6171 9.40908
38.3494 38.0991
32.2106 64.3238
90.8578 47.5572
94.0021 92.9571
30.3168 35.1312
50.4235 68.5528
67.1604 64.636
36.9248 95.099
28.4645 3.47628
25.818 22.8576
67.1666 68.7768
31.3489 81.7582
10.58 17.4442
84.3349 17.3388
12.6351 58.4714
28.8995 13.8021
72.5932 74.7257
14.6665 99.2393
15.2877 40.6357
64.0445 95.8173
2.14257 10.0962
87.0862 58.0398
75.4612 75.7476
89.1306 17.4397
9.4225 63.9382
9.61213 51.1387
87.4564 80.2624
70.9358 17.4288
25.3291 5.77796
10.1024 91.0055
29.9446 78.4898
78.0642 25.7856
79.4117 72.5411
97.5353 75.2185
96.8802 66.3915
42.7924 11.898
69.3696 94.2654
17.9151 98.7391
8.29186 61.2969
16.4038 98.5817
62.5376 70.1732
1.3617 86.1241
88.2201 15.8962
67.7648 23.8526
90.7301 0.388889
36.0561 95.0103
37.2986 77.1636
88.1748 54.5721
92.6552 56.0465
73.577 8.38859
87.0795 45.2877
50.0087 96.5523
54.275 99.6805
30.1128 6.2658
9.29563 31.6087
47.3125 80.8827
95.0883 48.9769
55.3043 0.0403598
78.3271 43.1739
24.4853 24.2341
2.00099 30.5974
50.9765 62.7404
78.0867 2.67698
92.0602 55.7999
28.4783 33.9636
26.8326 75.1567
59.4167 17.1953
1.28223 50.4102
44.3782 64.5257
83.5897 91.871
76.7342 71.0109
81.0117 64.3004
96.257 91.2017
27.0202 28.4956
25.8669 44.3321
89.1008 16.8471
49.9559 9.63838
92.279 33.2691
54.2928 98.4068
22.256 56.9297
17.911 30.8469
44.2873 36.2479
18.2394 49.3506
35.3881 67.5365
85.7158 25.6628
14.2864 12.0744
34.6204 65.6681
84.5857 31.3972
92.819 8.33326
57.0728 23.0764
45.1328 47.2408
76.73 1.46505
23.0725 79.8468
85.3197 68.2533
33.7946 85.3315
66.1063 48.5402
14.5582 79.0364
64.1321 68.4763
81.0476 67.834
85.4048 97.8649
15.4035 87.1156
51.1042 8.7293
13.288 30.9018
66.5036 25.7448
93.5776 58.3207
96.4249 13.7779
64.5451 10.1426
66.62 82.1212
10.1704 34.1626
70.6622 18.7552
17.8536 65.7648
9.17088 34.9995
36.6317 68.8777
27.7873 20.6397
91.2952 98.9848
37.7793 57.2958
70.7145 99.2945
42.3212 91.6413
14.4585 3.94368
81.414 25.7168
21.8768 83.7529
34.7325 49.2717
10.2092 86.7112
54.6695 30.4302
40.2832 39.0392
32.0004 30.4192
54.7677 80.4628
39.0036 33.5571
93.4488 93.806
98.1253 92.1949
19.3745 26.8699
3.2307 98.453
99.9068 33.0192
53.9798 38.0402
42.0215 55.9831
7.73584 16.3263
96.2316 64.2866
64.2912 42.6989
40.8757 97.2355
37.7172 13.0085
33.7208 45.5039
83.7834 46.8956
74.2043 51.4174
72.3993 15.6228
72.8549 72.8995
21.3164 64.3058
87.8146 99.1701
51.4424 92.9289
56.6705 60.2692
45.248 83.6239
66.8893 7.95083
29.6827 77.6394
85.4908 43.699
48.5398 7.61148
26.0956 88.8481
70.6192 96.8477
19.6602 28.6034
37.5422 71.9137
53.7011 54.6602
74.7575 48.4468
44.6965 13.9563
63.8532 81.3843
25.4106 76.6933
84.6078 3.99421
30.6831 90.9518
26.6884 52.4384
32.1796 42.6251
0.284216 76.8245
88.9932 8.40174
8.01948 83.3545
39.3754 81.5065
79.9406 61.3024
9.03748 92.9959
82.6917 98.9997
87.6604 8.94943
13.0021 26.5715
87.954 42.4383
59.6695 64.5103
24.9892 93.9677
14.5571 61.6219
79.3997 71.0739
38.6391 7.454
79.3193 18.8894
73.522 84.6829
65.9415 78.2567
59.9185 49.9102
40.1004 68.2607
57.6774 83.8262
67.1908 75.6134
33.8824 62.1008
28.6577 50.1931
95.926 28.2145
1.43914 87.6767
82.7706 25.5959
89.9792 80.1196
69.7736 84.7215
14.4978 64.8383
37.3187 14.9074
48.807 0.00926028
55.6383 13.0701
69.6793 99.9835
22.3901 9.96299
48.0559 75.3055
60.045 76.8058
75.7138 21.7415
9.25893 14.8188
59.4591 29.9247
45.1115 89.2103
56.9972 51.4722
93.0825 36.8671
25.1105 32.3088
13.2514 16.4426
50.6036 94.0519
29.6101 56.6374
4.16345 75.0964
45.2132 98.3054
18.7896 97.1145
3.61644 81.4878
65.8637 70.9415
14.0946 88.0118
13.794 35.4768
58.985 60.5427
40.6581 39.8417
19.4831 51.7773
21.7508 64.9716
77.4979 7.38901
87.0845 28.7903
79.2855 51.9769
75.9925 6.44334
93.2554 44.094
88.5058 16.6811
59.6964 17.9482
56.1284 50.6407
18.9804 3.6093
61.5698 4.41242
59.5132 39.1782
68.57 55.4533
3.7538 90.1337
77.2235 95.6986
5.95978 66.0053
51.4546 97.5016
9.76095 52.2256
55.1814 33.1659
19.1648 2.4696
6.63048 38.4619
29.6285 66.1523
21.1476 27.697
3.03547 17.1804
51.0028 3.48318
41.7797 91.9569
20.1045 96.0515
36.9522 56.2302
61.2495 20.1811
83.3209 75.0393
86.2169 46.9731
76.2398 61.8494
2.94738 36.5503
0.860458 61.7248
8.30182 28.7006
70.2308 69.7419
51.2644 1.5513
72.6695 56.3516
0.854538 62.2281
68.4012 18.2395
51.1037 99.8526
23.1287 23.3454
65.524 61.1442
50.0684 0.317014
28.0631 55.7944
35.8626 42.0863
44.5708 1.22559
98.4827 97.9761
84.7029 1.12373
86.5708 95.7337
96.7051 22.4073
99.0213 51.5694
26.7149 98.1525
48.6757 92.4057
62.8923 30.8253
80.3423 13.4085
57.3045 17.4558
80.207 39.8702
98.1548 87.0531
1.10366 49.1502
67.6122 57.7677
1.67462 45.2846
98.4815 78.0627
99.9547 38.9419
97.1751 22.7749
76.9514 22.0858
95.6357 49.7944
94.1105 15.4665
45.6586 84.1791
97.6143 3.04106
11.1704 40.9157
70.0395 54.6741
6.81791 88.5568
73.6654 94.883
98.4865 62.114
50.0305 62.2997
70.2669 76.521
89.133 57.7416
63.2625 53.5449
28.4665 36.0277
17.7864 36.5136
84.7953 54.2706
26.3967 49.726
44.7104 47.0553
59.0277 79.1795
69.2098 9.53896
21.2216 71.4346
1.63737 19.2439
32.9626 1.61394
25.522 48.3007
89.1097 67.4703
73.6114 87.4272
89.258 58.4135
55.2092 0.272568
81.051 23.8379
43.5092 58.4295
24.0175 62.913
79.2497 50.594
33.4289 40.1227
41.9284 89.9109
33.2528 80.1444
87.5334 74.5459
93.1886 20.9052
53.3009 27.8348
19.8536 80.2986
78.8373 17.8161
35.3226 66.7999
6.11753 17.3648
49.9421 77.0755
7.443 94.4385
28.0276 60.1169
84.3465 12.0455
49.1899 34.3586
64.4765 56.9647
4.91847 64.8013
14.7521 39.0126
85.5608 20.3701
60.3737 0.987534
97.4799 44.6913
27.4061 13.7617
93.2472 5.33173
10.3682 58.7581
46.9924 1.5522
87.8589 44.8908
79.6639 10.4042
63.0555 74.2283
55.2948 40.4951
1.59311 75.3178
66.3559 44.4391
87.6122 97.8691
86.4044 97.9296
2.58718 82.7261
77.6658 28.6402
55.2619 86.4563
70.5713 92.2727
27.2719 59.1053
82.1651 48.3293
70.5731 22.2751
77.3828 72.1079
17.4458 11.5339
50.6139 67.8113
5.27488 54.8797
62.6624 66.748
33.2762 73.4657
37.4606 0.057616
68.3535 17.9118
