16807 16531729 74243042 101027544 114807987 143542612 282475249 470211272 823378840 823564440 984943658 1115438165 1137522503 1144108930 1441282327 1457850878 1458777923 1622650073 1784484492 2007237709
16807 16531729 74243042 101027544 143542612 470211272 823564440 1115438165 1144108930 1458777923 1622650073 1784484492 2007237709
16807 470211272 823564440 1115438165 1457850878 1458777923 2007237709
16531729 143542612 823378840 1144108930 1441282327 1622650073 2007237709
16807 16531729 101027544 114807987 143542612 282475249 823564440 984943658 1115438165 1144108930 1457850878 1458777923
101027544 2007237709
16807 16531729 74243042 114807987 143542612 823378840 823564440 984943658 1144108930 1457850878 1458777923 1622650073 1784484492 2007237709
282475249 2007237709
16531729 984943658 1137522503 1144108930 1458777923
16807 101027544 143542612 282475249 823378840 823564440 984943658 1115438165 1137522503 1441282327 1457850878 1784484492 2007237709
101027544 282475249 823378840 1144108930 1457850878 1622650073
823564440 1441282327 1457850878
74243042 101027544 114807987 282475249 823378840 984943658 1457850878 1458777923 1622650073 1784484492
16807 16531729 74243042 101027544 143542612 282475249 470211272 823378840 823564440 984943658 1115438165 1137522503 1144108930 1441282327 1458777923 1622650073 1784484492
16807 16531729 101027544 282475249 470211272 823564440 984943658 1115438165 1137522503 1144108930 1441282327 1622650073 2007237709
16807 74243042 101027544 114807987 282475249 470211272 823564440 984943658 1622650073 2007237709
143542612 282475249 823564440 1115438165 1144108930 1784484492
16807 16531729 74243042 143542612 470211272 823564440 984943658 1441282327 1457850878 1784484492 2007237709
16807 16531729 74243042 114807987 143542612 1115438165 1457850878 1458777923
74243042 114807987 143542612 282475249 470211272 823378840 823564440 1115438165 1137522503 1144108930 1457850878 1458777923 1622650073 1784484492
