101929267 114807987 130060903 158374933 269220094 753799505 884936716 1025921153 1044788124 1102246882 1115438165 1137623865 1264817709 1358580979 1551901393 1557810404 1581030105 1624379149 1807130337 1952509530
510616708 893351816 1622650073 2118797801
114807987 269220094 510616708 595028635 1075260298 1102246882 1952509530
101929267 107554536 595028635 657821123 884936716 1137623865 1264817709 1358580979 1581030105 1622650073 1636807826 1777724115 1899894091 1952509530 2110010672
101027544 571540977 884936716 893351816 937186357 1108728549 1115438165 1458777923 1474833169 1551901393 1617819336 1646035001 1807130337 2035308228
34075629 74243042 578354438 590357944 685118024 784558821 937186357 984943658 1025921153 1060806853 1557810404 1580723810 1817129560 1927702196 1962408013 2110010672
74243042 269220094 657821123 685118024 704877633 823378840 892053144 937186357 1102246882 1441282327 1457850878 1646035001 1942727722 2118797801
590357944 657821123 784558821 937186357 1025921153 1137522503 2110010672
16807 101027544 130060903 500782188 510616708 530511967 571540977 585640194 823564440 896544303 1025921153 1083454666 1404280278 1478446501 1816731566 1899894091 1998097157 2020739063
143542612 194847408 357571490 470211272 563613512 771515668 1144108930 1269406752 1356425228 1505795335 1580723810 1635339425 1784484492 1864546517 1954899097 2007237709 2128236579 2146319451
16531729 156091745 197493099 282475249 824938981 997389814 1131570933 1351934195 1399125485 1654001669 1908194298
34075629 107554536 357571490 595028635 1083454666 1144108930 1458777923 1636807826 2118797801
16531729 143542612 194847408 500782188 595028635 771515668 823378840 1131570933 1551901393 1557810404 1636807826 1817129560 1952509530 1954899097
16807 143542612 158374933 197493099 470211272 510616708 784558821 937186357 1075260298 1108728549 1131570933 1137623865 1358580979 1399125485 1404280278 1457850878 1505795335 1580723810 1624379149 1646035001 1777724115 1998097157 2007237709 2146319451
107554536 197493099 657821123 753799505 896544303 1144108930 1399125485 1441282327 1478446501 1646035001 1817129560 1864546517 1952509530 2146319451
143542612 282475249 500782188 657821123 1060806853 1075260298 1108728549 1131570933 1474833169 1478446501 1557810404 1622650073 1624379149 1654001669 1784484492 1807130337 1816731566 1908194298 1927702196 1954899097 1962408013 2020739063 2035308228 2128236579
16531729 101027544 282475249 357571490 510616708 571540977 585640194 657821123 784558821 937186357 1060806853 1137522503 1351934195 1358580979 1399125485 1505795335 1581030105 1635339425 1784484492
130060903 158374933 194847408 282475249 500782188 585640194 595028635 657821123 685118024 997389814 1044788124 1115438165 1137522503 1137623865 1269406752 1351934195 1404280278 1441282327 1474833169 1505795335 1557810404 1580723810 1581030105 1636807826 1654001669 1899894091 1954899097
101027544 500782188 563613512 571540977 824938981 937186357 1044788124 1075260298 1115438165 1144108930 1358580979 1404280278 1457850878 1478446501 1624379149 1807130337 1899894091 1954899097 1998097157 2020739063 2035308228 2118797801 2128236579 2146319451
1404280278
143542612 156091745 194847408 530511967 704877633 823564440 997389814 1075260298 1137623865 1617819336 1624379149 1954899097 2035308228
101027544 101929267 130060903 194847408 470211272 500782188 685118024 704877633 823378840 824938981 1025921153 1044788124 1075260298 1108728549 1115438165 1144108930 1264817709 1358580979 1478446501 1636807826 1777724115 1784484492 1807130337 1899894091
34075629 74243042 130060903 194847408 197493099 269220094 530511967 595028635 704877633 753799505 771515668 784558821 824938981 892053144 1108728549 1115438165 1137623865 1399125485 1404280278 1457850878 1458777923 1646035001 1908194298 2007237709 2110010672 2118797801
74243042 101027544 158374933 269220094 590357944 771515668 823564440 884936716 893351816 997389814 1102246882 1269406752 1458777923 1478446501 2007237709 2020739063 2035308228 2110010672 2128236579
114807987 130060903 143542612 158374933 282475249 571540977 585640194 657821123 823378840 823564440 896544303 1060806853 1083454666 1269406752 1351934195 1404280278 1441282327 1458777923 1580723810 1636807826 1784484492 2007237709 2020739063 2035308228
101929267 130060903 269220094 357571490 500782188 595028635 1083454666 1115438165 1131570933 1399125485 1505795335 1817129560 1962408013 1998097157 2020739063
101027544 107554536 143542612 282475249 585640194 771515668 896544303 984943658 1025921153 1044788124 1075260298 1083454666 1137522503 1356425228 1404280278 1581030105 1624379149 1635339425 1954899097 1962408013 2007237709
16807 16531729 563613512 590357944 1060806853 1115438165 1137623865 1654001669 1784484492 2146319451
156091745 158374933 194847408 784558821 823564440 884936716 892053144 997389814 1044788124 1075260298 1144108930 1269406752 1358580979 1404280278 1624379149 1635339425 1817129560 1952509530 2146319451
510616708 823378840 892053144 1115438165 1478446501 1624379149 1654001669 1777724115 2020739063 2035308228 2128236579
34075629 101027544 194847408 685118024 704877633 893351816 937186357 1581030105 1899894091 2146319451
101027544 114807987 197493099 530511967 571540977 657821123 823378840 823564440 884936716 997389814 1083454666 1137522503 1264817709 1351934195 1404280278 1441282327 1557810404 1617819336 1636807826 2020739063 2118797801
34075629 107554536 197493099 590357944 771515668 1115438165 1144108930 1269406752 1356425228 1457850878 1581030105
74243042 101027544 114807987 158374933 194847408 269220094 500782188 571540977 595028635 753799505 823564440 984943658 1083454666 1108728549 1441282327 1474833169 1777724115 1954899097 1962408013 1998097157 2118797801
16807 156091745 158374933 357571490 470211272 500782188 595028635 937186357 1131570933 1264817709 1269406752 1557810404 1899894091 2110010672 2128236579
101929267 114807987 143542612 156091745 282475249 510616708 578354438 1044788124 1358580979 1580723810 1636807826 1784484492
101027544 143542612 357571490 578354438 896544303 1351934195 1404280278 1457850878 1458777923 1557810404 1622650073 1636807826 1816731566 1908194298 1927702196 1952509530 1998097157 2020739063 2128236579
16531729 34075629 143542612 156091745 357571490 563613512 595028635 657821123 771515668 884936716 997389814 1060806853 1108728549 1115438165 1351934195 1399125485 1478446501 1617819336 1816731566 1817129560 1927702196 1942727722 1952509530 1962408013 1998097157 2118797801 2146319451
114807987 194847408 269220094 530511967 823564440 892053144 893351816 1083454666 1399125485 1551901393 1777724115
16807 114807987 143542612 595028635 657821123 771515668 824938981 896544303 984943658 997389814 1025921153 1144108930 1264817709 1269406752 1457850878 1458777923 1478446501 1551901393 1807130337 1908194298 1952509530 2128236579 2146319451
16807 16531729 143542612 156091745 158374933 269220094 500782188 704877633 753799505 823378840 984943658 1044788124 1102246882 1108728549 1404280278 1505795335 1551901393 1646035001 1816731566 1817129560 1864546517 1908194298 1952509530 1954899097 2007237709
34075629 156091745 470211272 657821123 685118024 704877633 884936716 1102246882 1115438165 1264817709 1399125485 1457850878 1474833169 1617819336 1784484492 1807130337 1954899097 2007237709
16807 143542612 156091745 197493099 595028635 823564440 1108728549 1505795335 1551901393 1557810404 1624379149 1784484492 1908194298 1927702196 1942727722 1952509530 1954899097 2035308228 2118797801 2146319451
16531729 269220094 500782188 590357944 771515668 984943658 1075260298 1505795335 1942727722 1952509530 1962408013 2020739063 2128236579
101929267 197493099 269220094 997389814 1505795335 1962408013
269220094 510616708 585640194
143542612 784558821 893351816 1083454666 1102246882 1144108930 1264817709 1269406752 1580723810 1635339425 1816731566 1899894091 1908194298 2007237709 2118797801 2128236579 2146319451
156091745 571540977 784558821 984943658 1083454666 1269406752 1356425228 1358580979 1458777923 1474833169 1478446501 1580723810 1581030105 1864546517 1899894091
16531729 101027544 269220094 282475249 510616708 563613512 823564440 884936716 984943658 997389814 1025921153 1137522503 1356425228 1399125485 1458777923 1551901393 1864546517 1998097157
114807987 753799505 771515668 784558821 823564440 1025921153 1044788124 1131570933 1137623865 1264817709 1474833169 1505795335 1636807826 1807130337
130060903 158374933 269220094 357571490 470211272 500782188 585640194 784558821 892053144 896544303 997389814 1044788124 1060806853 1356425228 1399125485 1458777923 1505795335 1784484492 1927702196 1952509530 1962408013 1998097157 2007237709 2035308228
34075629 101929267 107554536 130060903 143542612 269220094 590357944 824938981 896544303 1025921153 1131570933 1137522503 1137623865 1358580979 1404280278 1458777923 1478446501 1617819336 1646035001 1777724115 1908194298 2110010672
1269406752 1580723810 1617819336
16807 114807987 194847408 269220094 500782188 578354438 685118024 704877633 771515668 937186357 1025921153 1083454666 1115438165 1137623865 1478446501 1557810404 1617819336 1624379149 1636807826 1654001669 1927702196 1962408013 2146319451
500782188 784558821 1264817709 1356425228 1474833169 1635339425 1784484492 1807130337 1864546517 1962408013
114807987 158374933 357571490 704877633 771515668 893351816 997389814 1102246882 1399125485 1441282327 1458777923 1478446501 1817129560
1581030105
74243042 784558821 824938981 884936716 1102246882 1358580979 1784484492 1954899097
197493099 571540977 657821123 1075260298 2035308228
16807 101027544 130060903 510616708 1044788124 1351934195 1551901393 1580723810 1622650073 1654001669 1807130337 1864546517 1954899097
16807 158374933 470211272 510616708 563613512 585640194 753799505 771515668 784558821 823564440 1025921153 1060806853 1264817709 1356425228 1399125485 1624379149 1654001669 1817129560 1864546517 1927702196
823378840 893351816 896544303 1108728549 1457850878 2128236579 2146319451
101027544 114807987 269220094 500782188 571540977 824938981 997389814 1624379149 1864546517 1899894091 1927702196 1942727722 1952509530
500782188 563613512 578354438 590357944 823378840 1131570933 1137522503 1144108930 1351934195 1356425228 1474833169 1557810404 1784484492 1864546517 1908194298 1962408013 2007237709 2020739063 2035308228 2146319451
269220094 357571490 470211272 753799505 937186357 1075260298 1108728549 1131570933 1264817709 1358580979 1458777923 1478446501 1580723810 1622650073 1942727722 1952509530 1954899097
74243042 563613512 590357944 685118024 892053144 1404280278 1622650073 1646035001 1864546517 1942727722 2118797801
595028635 704877633 1083454666 2007237709
158374933 282475249 470211272 685118024 784558821 824938981 884936716 893351816 896544303 1044788124 1137522503 1264817709 1269406752 1478446501 1551901393 1557810404 1635339425 1636807826 1864546517 1942727722 2110010672
194847408 984943658 1115438165 1478446501 1636807826 1646035001 1817129560 1962408013 1998097157 2110010672
101027544 823378840 1144108930 1269406752 1404280278 1777724115 2128236579
74243042 101027544 101929267 578354438 784558821 1102246882 1144108930 1784484492 1927702196 1962408013 2035308228 2110010672
16807 16531729 74243042 130060903 156091745 158374933 197493099 282475249 571540977 590357944 595028635 685118024 753799505 823564440 884936716 892053144 1044788124 1102246882 1264817709 1351934195 1358580979 1399125485 1474833169 1580723810 1635339425 1646035001 1864546517 2146319451
114807987 130060903 590357944 884936716 937186357 1044788124 1115438165 1137522503 1474833169 1816731566 1817129560
107554536 130060903 470211272 500782188 704877633 997389814 1083454666 1108728549 1131570933 1137522503 1356425228 1399125485 1404280278 1457850878 1617819336 1807130337 1816731566 1817129560 1952509530 2118797801
1784484492
657821123 884936716 892053144 1954899097
34075629 197493099 685118024 784558821 1025921153 2007237709
1144108930
16531729 34075629 101027544 101929267 282475249 357571490 470211272 510616708 824938981 896544303 984943658 1060806853 1075260298 1108728549 1131570933 1269406752 1351934195 1622650073 1635339425 1646035001 1807130337 2110010672 2118797801
590357944 823378840 1264817709 1635339425 1962408013
16807 101929267 114807987 158374933 197493099 269220094 500782188 510616708 571540977 685118024 784558821 823378840 823564440 1137522503 1399125485 1457850878 1458777923 1557810404 2118797801
1654001669
101929267 130060903 753799505 892053144 997389814 1108728549 1137522503 1269406752 1358580979 1404280278 1817129560 1899894091 1954899097 2007237709 2035308228
16807 34075629 114807987 197493099 893351816 984943658 1131570933 1137522503 1264817709 1351934195 1441282327 1551901393 1927702196 1962408013 1998097157 2128236579
590357944 771515668 784558821 896544303 937186357 1108728549 1351934195 1358580979 1404280278 1458777923 1624379149 1817129560 1998097157
2020739063
16531729 101027544 107554536 143542612 158374933 563613512 578354438 595028635 771515668 824938981 884936716 893351816 1131570933 1358580979 1474833169 1581030105 1635339425 1636807826 1654001669 1784484492 1817129560 2007237709 2035308228
657821123
16531729 74243042 563613512 997389814 1115438165 1351934195 1358580979 1404280278 1458777923 1654001669 1817129560 1899894091 2035308228
16531729 101027544 197493099 510616708 585640194 590357944 657821123 893351816 937186357 1025921153 1131570933 1269406752 1458777923 1580723810 1624379149 1816731566 1864546517 1927702196 1954899097 2020739063 2128236579 2146319451
101929267 107554536 156091745 657821123 892053144 896544303 1060806853 1075260298 1458777923 1505795335 1617819336 1624379149 1636807826 1777724115 1816731566
101027544 158374933 194847408 590357944 704877633 884936716 892053144 896544303 997389814 1108728549 1137522503 1351934195 1441282327 1505795335 1622650073 1654001669 1864546517 1908194298 1954899097 1998097157 2118797801
156091745 194847408 571540977 578354438 753799505 784558821 997389814 1102246882 1351934195 1358580979 1458777923 1505795335 1581030105 1635339425 1654001669 1817129560 1952509530 2007237709 2110010672 2146319451
143542612 470211272 530511967 578354438 685118024 824938981 893351816 1044788124 1131570933 1137623865 1269406752 1404280278 1457850878 1458777923 1478446501 1551901393 1624379149 1636807826 1817129560 1954899097 2007237709 2020739063
16531729 101027544 130060903 143542612 595028635 753799505 823378840 1025921153 1044788124 1060806853 1399125485 1551901393 1617819336 1635339425 1654001669 1816731566 1899894091 1927702196 2035308228 2146319451
16807 16531729 101027544 197493099 357571490 784558821 893351816 896544303 1025921153 1060806853 1457850878 1551901393 1581030105 1624379149 1635339425 1646035001 1816731566 1908194298 1998097157 2020739063 2128236579
74243042 107554536 114807987 282475249 585640194 784558821 1075260298 1083454666 1617819336 1635339425 1654001669 1817129560 1998097157 2007237709 2128236579
282475249 563613512 585640194 823378840 823564440 892053144 1025921153 1060806853 1102246882 1137623865 1269406752 1358580979 1399125485 1404280278 1478446501 1505795335 1557810404 1580723810 1622650073 1624379149 1817129560 1962408013 1998097157
1636807826 1646035001 2020739063
16807 34075629 130060903 571540977 578354438 657821123 824938981 884936716 997389814 1044788124 1083454666 1108728549 1115438165 1399125485 1580723810 1617819336 1899894091 1908194298 1942727722 1954899097 2007237709
