0.00078259 13.1538
75.5605 45.865
53.2767 21.8959
4.70446 67.8865
67.9296 93.4693
38.3502 51.9416
83.0965 3.45721
5.34616 52.97
67.1149 0.769819
38.3416 6.68422
41.7486 68.6773
58.8977 93.0436
84.6167 52.6929
9.19649 65.3919
41.5999 70.1191
91.0321 76.2198
26.2453 4.74645
73.6082 32.8234
63.2639 75.641
99.1037 36.5339
24.7039 98.255
72.266 75.3356
65.1519 7.26859
63.1635 88.4707
27.271 43.6411
76.6495 47.7732
23.7774 27.4907
35.9265 16.6507
48.6517 89.7656
90.9208 6.05643
90.4653 50.4523
51.6292 31.9033
98.6642 49.3977
26.6145 9.07329
94.7764 7.37491
50.0707 38.4142
27.7082 91.3817
52.9747 46.4446
94.098 5.0084
76.1514 77.0205
82.7817 12.5365
1.58677 68.8455
86.8247 62.9543
73.6225 72.5412
99.9458 88.8572
23.3195 30.6322
35.1015 51.3274
59.1114 84.5982
41.2081 84.1511
26.9317 41.5395
53.7304 46.7917
28.7212 17.8328
15.372 57.1655
80.2406 3.30538
53.445 49.848
95.5361 74.8293
55.4584 89.0737
62.4849 84.204
15.9768 21.2752
71.471 13.0427
9.09903 27.4588
0.29996 41.4293
2.68763 70.982
93.7897 23.9911
18.0896 31.754
88.6991 65.2059
15.0335 68.1346
38.5815 38.7725
49.9741 14.7533
58.7187 84.5576
59.0109 95.5409
55.6146 14.8152
98.3305 40.8767
14.182 56.4899
25.2126 48.8515
46.4031 96.1095
12.6031 19.9757
31.925 62.9269
12.6712 65.1254
62.1634 80.3073
24.7842 47.6432
38.9314 20.325
2.83752 90.1674
42.6497 14.2021
94.7487 41.0313
13.1189 88.5648
9.21736 16.2199
7.10636 36.5339
25.3057 13.5109
78.3153 45.5307
34.9524 45.23
80.8945 93.1674
65.1646 21.5248
67.9592 90.8922
25.0126 86.086
47.1262 50.5956
60.0394 81.7561
75.5844 46.2245
95.1367 63.2739
43.933 82.4697
68.8981 70.2207
98.7145 95.4415
85.127 28.9316
53.7426 51.4435
10.3434 41.4029
57.6717 87.6566
44.0039 72.9748
86.9264 71.5642
80.072 70.6535
74.1716 1.90924
88.6031 52.4987
46.3323 6.51939
71.3422 48.8943
66.7679 68.2049
19.9555 91.6634
86.5883 89.0019
54.3948 13.9195
45.0347 98.9362
21.5532 44.6023
31.5732 51.4659
88.1504 43.9726
46.7532 80.665
36.5158 21.1519
99.9117 15.3604
63.0488 61.635
0.0595042 0.0878999
77.3352 72.7335
31.9178 41.7724
68.2494 68.0562
20.5262 83.642
70.8921 82.8708
9.45488 8.17376
76.4005 62.9572
21.3852 21.3547
8.10608 38.8823
95.216 94.7545
38.9854 26.9215
69.2169 28.4035
77.6866 78.3865
42.246 28.2156
19.3967 1.13162
19.1824 98.3236
24.4054 81.9726
13.6455 39.8144
60.101 17.688
82.8355 15.7731
98.7937 25.7169
23.3599 10.1637
21.9411 63.4717
69.6007 79.477
69.6243 75.294
66.9521 63.343
5.64407 59.8217
22.7008 31.8778
69.9834 11.7437
76.2571 52.6123
55.3911 58.7989
32.9666 70.2989
14.3045 16.1688
48.5325 86.0226
81.3266 55.6836
73.8997 31.6007
13.5332 52.8548
31.0739 58.8119
51.8084 43.0848
25.8843 37.0226
39.3018 44.6866
47.5896 38.7831
27.9293 7.82632
36.9742 25.3922
67.1784 67.6237
51.3936 72.8608
72.0768 94.4753
46.0697 94.0163
32.156 46.0434
51.7145 66.1356
40.1833 60.564
98.6503 15.0394
67.0098 34.3818
54.171 52.2808
82.9239 1.49506
27.421 64.2979
54.6137 91.7848
26.6613 97.0087
24.6733 84.3975
69.4024 45.5752
81.7101 2.20837
16.0749 70.695
70.7826 43.6638
58.2421 75.171
99.1533 69.5679
27.9512 75.3863
17.1179 0.425392
49.5691 7.99169
16.3081 90.3301
78.2992 74.6679
43.6426 0.634169
58.4787 51.8478
6.68498 54.4023
38.9731 21.5826
38.5769 62.6861
65.9053 70.932
53.8661 28.0289
81.5932 37.191
68.6102 31.0169
0.934752 10.3797
52.096 77.588
22.0685 5.52788
7.06349 16.0274
72.3764 29.7022
5.06026 47.7804
45.7162 51.9988
44.649 15.0312
28.5942 83.3682
69.5637 57.7776
68.1164 33.1175
5.74753 98.6883
54.2393 0.165742
85.6193 2.93555
37.755 48.9652
57.6173 73.8959
67.9332 53.6267
3.55877 12.2507
97.3356 18.8276
35.1319 61.4125
60.7611 12.5933
55.2862 95.4028
35.6925 83.8102
97.4252 25.9014
25.1528 42.4336
81.3048 89.7914
24.4586 76.0617
69.4856 45.1851
26.362 66.5503
11.6571 20.9562
11.3676 54.6975
0.607937 17.5974
59.9359 43.1908
8.25065 68.7414
37.531 83.6207
12.3637 97.3346
2.96353 8.03531
49.4245 76.9437
93.403 25.0155
35.9658 76.9114
49.9955 74.9252
67.1903 68.1666
75.677 3.63676
23.0572 22.1667
56.2602 65.2622
61.661 37.1466
22.4801 23.3692
65.3012 16.5928
74.4104 15.9758
4.76386 66.1993
12.4945 94.9157
48.418 62.1046
91.4025 1.79445
59.3546 72.1872
49.6582 5.36944
44.1633 51.9175
77.1944 6.53563
44.279 97.718
46.7741 32.9056
44.593 74.3274
20.5341 17.1379
37.252 93.9725
96.4851 25.4957
7.03352 12.3849
52.6338 16.0083
51.7707 10.5185
84.1576 36.8562
42.389 32.7228
71.3547 57.6776
87.1884 75.8246
83.6598 69.9791
38.906 93.5242
60.5603 36.2084
53.9505 45.5072
40.1692 24.044
8.30857 42.1579
47.238 28.9766
10.4969 21.6386
80.2019 52.7439
66.882 86.3643
24.375 71.1564
26.3663 38.2822
8.10055 45.9763
23.2867 79.5353
49.1343 0.322878
26.6119 66.4689
42.5191 18.6825
96.3476 13.4039
79.5856 94.6045
17.1155 60.6001
6.38036 34.7492
29.2468 50.9658
82.5837 83.4338
72.6443 32.9434
80.2084 63.1763
4.53407 4.14204
15.3315 76.7065
6.17314 51.9303
92.915 22.0516
20.4563 8.89927
69.9691 70.6461
49.4631 26.1779
71.1571 37.8366
20.0645 23.2608
43.6096 46.9498
86.1187 97.7238
44.4519 3.42431
52.3772 3.16388
75.3174 59.1588
82.2891 32.9579
23.2078 53.6528
43.0618 40.3581
98.7325 96.691
85.0531 86.7514
31.1605 14.839
99.7599 63.9523
46.8075 93.1915
69.0773 81.5407
54.1535 57.2807
15.9216 94.525
82.1334 15.5414
4.10748 34.3613
11.0019 9.65383
51.8773 2.2405
56.1484 85.6876
51.6908 67.4525
73.7175 69.846
2.27995 19.1984
67.0991 34.5872
6.62903 14.071
92.1117 22.1656
38.0115 58.6016
16.7313 2.63397
69.1126 76.2344
71.3695 7.73243
58.9809 92.5503
92.9698 43.0446
50.597 83.1256
91.9236 60.1638
72.3837 51.9337
49.0817 16.1419
97.6116 57.436
27.3251 53.1427
69.8558 66.7049
9.74325 54.8736
61.0738 66.7965
49.5125 57.1583
58.8888 44.1313
15.1217 50.2275
73.1364 3.16565
5.16167 52.2063
32.0642 3.50595
24.5142 10.7181
38.2969 55.1829
59.7169 61.1111
93.5251 77.203
51.3148 48.6681
65.0128 69.6996
40.7538 48.685
47.9783 71.045
53.4199 27.6647
60.5538 28.0104
70.3369 53.049
93.8254 23.5403
41.3494 59.7476
78.3002 92.0252
68.1491 82.1177
52.7413 23.027
14.3684 89.9521
25.1422 65.1515
0.481561 93.5936
27.5353 85.8766
27.8929 95.2431
50.682 12.295
41.6475 70.2471
43.6491 10.7739
76.6175 9.98656
44.1265 34.4576
29.7064 75.7621
33.851 33.0758
5.56062 57.3183
48.5286 20.2482
11.4475 97.4348
86.4609 49.1841
36.7395 80.4912
16.2204 15.958
5.77229 14.9251
46.8101 38.0608
88.3705 42.4134
41.2248 65.1295
30.8328 6.01425
81.4417 89.7657
91.9492 90.1218
77.0046 17.0796
57.2442 3.14038
80.3268 52.2215
86.1622 27.7198
86.9494 58.6862
38.9172 81.1895
52.567 93.9872
42.0038 57.9863
74.9145 88.0784
33.8085 18.9549
74.3126 71.8919
87.9162 7.2869
71.0114 87.906
35.9379 8.98531
16.1029 41.6796
9.64285 67.4693
56.2612 81.3047
87.8192 76.936
63.5205 89.6524
87.8413 48.6471
11.3071 37.7485
38.262 68.7578
12.174 7.68218
14.3302 47.7641
70.8588 23.8019
39.0967 97.5881
62.8767 68.1199
90.8691 36.24
85.9213 79.4278
42.8873 7.3511
49.8631 48.3873
45.0735 49.9657
74.0759 93.2843
30.0122 14.6196
11.0018 8.0322
97.2476 40.8177
23.841 96.316
83.3474 19.808
12.9482 19.6307
33.9119 57.5679
44.0268 58.5675
43.2877 36.8203
38.2317 60.0133
42.9473 14.8787
67.0197 99.5401
69.8066 40.274
84.9278 81.9527
79.3382 37.4249
0.960789 47.9779
63.9058 64.6495
64.4898 79.9035
37.7364 35.7672
38.95 33.4307
69.3589 14.4897
29.1525 66.6856
85.4365 31.4699
14.4142 60.2249
0.55882 92.083
38.1955 51.6531
34.4456 26.4133
29.1 83.3648
12.4391 63.4619
4.86974 45.8046
37.6817 15.5873
75.5856 66.5973
1.15306 79.4881
56.0914 28.8654
41.556 32.0611
51.459 71.9155
84.2044 23.1895
46.5007 37.3359
5.00431 7.38503
20.2449 56.6183
83.1524 42.2552
83.9549 29.3043
18.1196 35.7526
93.411 58.9419
36.904 46.3059
62.783 94.4452
40.5786 5.04816
44.485 59.5927
74.8311 86.4172
13.1023 10.4579
66.5308 83.3378
58.1285 65.8594
98.2032 1.8916
92.1473 19.4679
96.7723 52.3072
27.8796 71.9795
59.0459 83.7082
83.4691 65.9888
73.0448 64.3027
34.9529 53.4876
66.4147 32.3429
86.9188 44.237
91.7967 27.6668
95.1753 11.7238
41.6007 83.6376
96.2535 33.2928
52.6182 53.5956
81.8107 92.989
66.2893 24.3228
94.1429 59.6723
12.6034 24.6974
88.6726 19.6178
16.2958 83.5997
60.2405 62.3243
83.8679 67.1648
39.1555 87.1284
66.7348 11.5607
0.00402248 67.6065
62.8753 45.4547
57.4346 3.22694
35.1393 85.5082
37.0837 66.1425
57.643 5.99598
74.4468 27.9493
44.2624 17.642
9.18009 89.7245
99.242 59.4159
3.30036 69.0932
48.7212 56.934
89.5724 43.4503
68.8594 20.3158
48.172 27.2443
94.712 24.43
95.3262 47.6952
12.7088 96.1436
85.7156 21.741
0.700794 78.2475
5.03933 96.0055
64.1374 57.34
13.7093 12.9043
82.4627 50.1854
65.5888 50.5059
52.6454 11.8397
90.3056 66.8904
27.7586 38.6707
39.1493 83.1097
24.3001 12.3444
72.8307 64.8075
20.1217 84.8695
2.25564 10.5562
18.7979 36.0967
77.9658 71.9204
66.6364 58.0969
35.1173 15.7154
29.2091 16.911
22.3697 67.1351
40.4765 88.651
57.9362 34.1848
43.724 69.9639
83.4283 79.1982
84.9068 28.222
26.4662 16.9961
53.3532 7.31837
99.8736 75.0171
12.2221 16.46
42.5107 77.3202
21.3568 43.3928
3.30772 92.9321
10.6043 26.6287
48.2049 79.278
25.7524 21.3916
28.2464 38.0628
20.8123 92.8528
76.4064 61.6563
57.5853 35.6334
90.7848 19.7901
11.4107 79.1141
69.8163 1.82512
74.7969 11.4529
89.4964 65.4629
34.5891 38.2413
21.5049 33.1292
1.77851 91.4368
78.547 39.3451
72.9983 83.1551
87.7797 12.9609
34.3425 94.207
36.2191 35.2061
8.06552 57.1891
77.6393 84.4201
49.3295 81.7317
64.2734 43.5375
35.2314 34.9157
28.1545 91.9119
62.6152 74.458
15.754 77.6418
25.1955 61.2058
85.4603 31.4608
60.8444 12.5922
37.3662 13.3293
26.1863 12.6031
20.2817 75.0525
7.09501 45.8914
96.3244 23.4676
19.7518 68.3946
8.13265 85.4236
15.2563 12.0177
80.9124 94.4193
4.55203 6.02624
82.9722 14.1179
80.1168 22.7488
39.9215 59.9194
65.5206 5.37268
98.6364 81.2305
41.358 3.18384
10.8049 97.4467
86.7119 67.108
83.4369 23.8217
71.6939 58.9708
22.254 22.7762
0.157362 44.7814
40.9766 93.3005
2.24617 51.3499
37.6501 85.9511
79.3872 60.9468
33.1804 62.4005
65.3873 64.439
25.912 2.60003
98.7042 20.7749
64.2325 56.0325
37.6933 12.0691
44.9107 13.7716
58.58 54.26
48.3601 88.66
8.15947 36.2593
10.0809 29.9211
84.1668 91.3002
82.7927 97.0299
81.328 79.7872
83.9796 44.872
64.2095 69.3926
81.5759 46.8209
19.3634 40.1555
93.0652 46.7209
37.8445 51.7596
22.7756 89.9267
98.5847 13.6994
45.8481 68.9134
27.9015 40.9278
73.9932 3.12551
30.3932 19.2647
81.3189 27.4869
71.7761 40.8626
78.5073 72.2293
57.7059 63.2939
79.8596 0.0275349
62.7795 34.6431
47.1856 49.2207
52.962 31.8549
85.7925 13.8002
39.9142 38.6913
84.6436 5.61348
45.6879 76.5532
29.2495 96.1921
100 99.9092
74.1617 34.9783
79.6585 19.9
60.0734 54.2825
25.1693 20.1617
57.5624 51.3759
74.7701 60.802
98.9635 79.845
55.4778 14.6671
10.701 52.3785
24.63 57.1627
33.4365 67.8709
6.93666 84.4641
87.6262 33.2073
14.54 74.4075
66.1891 40.2784
58.5027 55.5453
49.4116 61.4501
92.483 61.3926
25.6384 3.96633
62.0714 34.3489
2.41668 17.1394
61.0723 42.3845
56.8438 73.0373
37.3973 36.5644
37.6277 8.66058
58.3115 41.8166
11.0807 32.5262
68.5165 56.3984
87.1871 53.186
97.4538 6.02413
47.5344 11.0132
99.2179 54.9515
69.8705 12.7237
47.4984 5.9347
44.5107 91.7977
43.9511 85.8511
99.7177 54.9302
12.4284 84.6325
19.0258 66.4346
65.6273 97.3193
45.7616 15.9347
13.9185 28.3333
97.2963 59.7956
85.2208 6.2886
92.5623 94.9394
46.6668 28.2231
46.0251 43.0824
86.6139 19.8631
38.4766 75.9196
81.4225 67.2739
72.1585 68.3365
31.3986 16.8483
68.8042 92.0936
16.5765 0.381843
17.6306 17.8152
19.8053 66.8274
67.4452 51.7482
32.3405 46.6967
32.0824 9.36438
87.0438 44.5121
14.7775 65.2046
94.1981 88.235
66.0927 20.3913
17.0347 1.60746
16.5414 10.9083
36.1192 56.1133
96.3839 24.5494
2.38609 3.00402
88.6172 88.6352
91.3223 54.7401
17.2576 48.7048
81.4419 93.6609
58.3064 54.8907
47.1753 75.3337
33.2312 17.2459
51.2964 38.0426
82.8165 96.7038
0.477785 30.139
45.4566 89.0453
84.3532 25.0356
73.3911 83.9556
42.2961 70.8479
40.5874 52.63
52.556 9.15335
40.3688 78.213
26.4789 30.7859
18.4968 75.6626
62.0673 64.5346
32.7313 15.4232
18.4355 45.5199
53.318 16.2428
92.577 40.9058
3.11874 16.7285
56.5061 98.5431
14.0259 33.357
30.9118 35.4326
16.2868 32.215
37.9582 64.1376
60.2311 3.76828
33.5103 7.82141
54.4029 49.1122
28.7871 25.2718
43.932 65.8614
32.5579 0.166435
97.2696 10.087
31.8377 95.5516
34.9269 16.5406
98.5489 11.6442
4.1885 96.0956
78.5281 22.039
10.1461 25.4563
43.7511 24.3011
28.2594 54.9228
88.2302 85.1649
67.0468 55.761
75.7833 90.1996
85.338 75.9697
23.395 99.829
26.1283 37.504
29.9503 74.5522
99.1835 76.6313
42.861 64.1665
46.3801 10.2468
18.188 86.3361
50.3358 93.0975
89.8036 29.1166
62.9141 97.54
54.4049 83.0669
5.48099 18.9622
97.5294 76.5209
86.9878 3.23388
51.8437 37.5437
96.9667 19.3147
22.8571 59.6947
89.6504 54.9478
8.47728 77.6984
77.109 70.8398
5.19357 88.3565
7.16365 99.4661
26.9917 49.9773
68.7318 74.8435
94.4647 68.9707
91.1773 17.1227
81.5332 28.2827
48.1877 91.0853
70.3183 39.9308
16.8436 90.2494
21.0064 54.8365
37.2777 26.3153
80.6702 23.5834
65.8912 33.5606
52.2131 45.2883
60.687 66.7104
2.17659 81.9205
37.7316 54.1796
96.97 74.6284
79.3286 75.8699
45.3228 40.675
24.4226 70.228
21.3819 66.1177
40.7049 27.6393
34.3149 30.1463
68.8401 95.4292
77.8182 90.2304
2.16561 97.424
5.3752 40.9958
16.3551 79.6038
1.15786 60.2006
92.1468 10.9927
54.5015 7.30384
55.6517 38.3381
48.143 39.0933
40.8673 55.9109
94.1078 69.903
58.9636 1.11431
28.2762 38.7383
74.5794 56.569
55.4309 26.8586
11.7163 16.162
35.4305 80.831
26.5734 19.1671
41.4449 64.8154
52.9665 7.28548
46.9946 37.8955
9.88572 49.3255
13.2815 21.6245
43.8291 35.3126
99.3806 89.2149
34.994 43.915
80.1629 98.2168
30.1218 57.6638
55.1921 14.3244
50.6545 49.9835
72.9641 8.25976
21.7063 17.2927
38.5219 37.4622
26.4364 16.4685
85.6503 24.5427
89.3365 79.1156
96.4196 25.0746
28.4081 54.9814
71.8898 51.529
48.6485 35.1869
85.8476 41.221
2.04031 91.5687
95.9515 56.8632
99.7882 40.0523
58.766 80.6355
40.8225 4.34072
54.5435 13.0099
57.4699 96.922
68.1336 20.7209
56.3862 83.0683
29.2872 30.6062
97.7984 98.4922
58.3705 33.2869
52.1573 8.23947
80.774 68.1656
59.4764 20.4153
20.0402 16.3937
28.0788 19.7465
79.3055 87.1827
78.92 9.07455
16.0008 24.7026
76.144 51.707
39.1793 86.7991
33.2695 59.6703
78.021 98.6729
95.4354 82.2799
77.7038 68.6431
84.1948 62.7998
76.8394 39.6655
58.5257 42.0051
80.1599 47.7759
69.0773 81.3622
55.0919 29.4793
58.6986 47.432
89.8639 42.9241
25.9919 46.4033
0.00391537 65.8065
9.18404 56.2306
67.9043 66.7623
74.5264 65.2465
98.1988 27.9692
78.2769 0.518158
8.68126 5.91972
92.6769 21.4659
78.1356 25.3661
28.6591 73.8162
29.5857 47.319
90.9973 92.3061
89.1786 25.0655
75.2406 68.391
46.8107 47.3922
20.8753 50.639
89.7771 83.5066
95.8706 97.3102
91.8436 14.8704
26.289 39.6488
77.1451 77.0618
77.5716 45.4478
41.8673 63.6321
64.7096 74.2002
82.9492 27.2135
78.0221 18.0408
11.9997 78.7707
99.1853 7.7255
42.4933 84.1116
63.3542 94.481
43.0353 94.5963
79.8559 37.7179
24.6792 82.8705
4.16034 22.8601
9.40002 86.1429
4.34911 95.4651
82.4232 86.9014
51.1974 75.0104
99.8299 41.7458
21.1603 40.3707
10.8905 36.2057
9.68765 20.3926
38.709 82.3579
89.9207 96.5837
81.7065 41.6839
81.7441 72.4963
45.8524 41.51
59.2706 60.336
66.7519 98.743
73.9097 0.420215
62.5461 13.0178
89.6096 67.7832
32.833 23.6833
45.146 68.0744
25.8829 14.5993
70.3849 59.878
69.0966 7.37121
87.9646 20.2964
21.6739 73.2599
78.5623 95.8215
71.546 74.0477
19.5229 21.5447
2.04581 83.916
76.0827 21.8624
42.0198 27.0701
67.6851 83.5845
5.04922 62.2814
63.3692 45.7732
10.9521 72.5235
1.75173 41.2836
53.8175 10.2257
64.0354 43.5772
2.78005 24.2478
32.99 63.1842
37.5769 54.464
76.8851 7.89411
76.2721 4.82647
18.4594 47.033
83.848 33.8452
36.835 85.3798
78.6713 27.8563
81.5297 70.3332
89.7892 87.0376
41.2815 18.1981
55.4443 53.0931
35.0968 72.5291
97.199 23.5327
14.0848 23.7746
80.156 82.23
40.1016 86.7888
60.237 3.86598
75.5131 48.7712
97.8602 35.5253
72.9884 16.5043
87.8878 31.0328
67.7584 15.0371
28.7851 90.6707
2.21688 59.1714
94.4596 82.9331
56.8109 21.1342
3.03791 58.2117
64.1647 15.5058
6.82637 30.7525
57.4306 36.8609
21.0034 3.4971
